3 6 0 300 0 0 0 154 12 134
3 6 0 300 0 0 0 174 5 121
3 6 0 300 0 0 0 161 4 135
3 6 0 300 0 0 0 145 4 151
3 6 0 300 0 0 0 110 4 186
3 6 0 300 0 0 0 128 6 166
3 6 0 300 0 0 0 153 15 132
3 6 0 300 0 0 0 107 7 186
3 6 0.2 300 10 7 43 22 0 218
3 6 0.2 300 40 19 0 107 12 122
3 6 0.2 300 21 13 26 63 4 173
3 6 0.2 300 28 31 0 98 14 129
3 6 0.2 300 31 29 0 123 3 114
3 6 0.2 300 42 17 1 94 4 142
3 6 0.2 300 1 18 41 33 1 206
3 6 0.2 300 13 22 24 57 0 184
3 6 0.4 300 11 22 87 12 6 162
3 6 0.4 300 60 39 21 39 6 135
3 6 0.4 300 76 29 14 15 1 165
3 6 0.4 300 11 49 60 16 6 158
3 6 0.4 300 45 28 47 16 0 164
3 6 0.4 300 80 40 0 50 3 127
3 6 0.4 300 47 35 38 15 5 160
3 6 0.4 300 63 57 0 61 6 113
3 6 0.6 300 31 51 98 3 0 117
3 6 0.6 300 50 62 68 6 4 110
3 6 0.6 300 96 33 51 7 1 112
3 6 0.6 300 68 34 78 4 1 115
3 6 0.6 300 60 70 50 11 1 108
3 6 0.6 300 72 36 72 6 1 113
3 6 0.6 300 50 51 78 4 3 114
3 6 0.6 300 80 76 24 9 0 111
3 6 0.8 300 89 58 93 3 1 56
3 6 0.8 300 68 55 117 0 0 60
3 6 0.8 300 93 52 95 0 0 60
3 6 0.8 300 69 65 106 1 1 58
3 6 0.8 300 83 76 81 1 1 58
3 6 0.8 300 128 55 56 7 0 54
3 6 0.8 300 53 46 141 1 0 59
3 6 0.8 300 120 45 75 1 0 59
3 6 1 300 134 70 96 0 0 0
3 6 1 300 141 78 81 0 0 0
3 6 1 300 127 110 63 0 0 0
3 6 1 300 165 77 58 0 0 0
3 6 1 300 129 112 59 0 0 0
3 6 1 300 201 42 57 0 0 0
3 6 1 300 135 67 98 0 0 0
3 6 1 300 152 97 51 0 0 0
