3 6 0 300 0 0 0 112 0 188
3 6 0 300 0 0 0 112 6 182
3 6 0 300 0 0 0 137 1 162
3 6 0 300 0 0 0 130 0 170
3 6 0 300 0 0 0 134 9 157
3 6 0 300 0 0 0 176 3 121
3 6 0 300 0 0 0 80 1 219
3 6 0 300 0 0 0 170 0 130
3 6 0.2 300 53 7 0 114 0 126
3 6 0.2 300 43 17 0 107 0 133
3 6 0.2 300 44 12 4 72 0 168
3 6 0.2 300 33 19 8 43 2 195
3 6 0.2 300 41 19 0 77 5 158
3 6 0.2 300 43 17 0 129 1 110
3 6 0.2 300 44 15 1 86 0 154
3 6 0.2 300 55 5 0 129 3 108
3 6 0.4 300 82 16 22 12 0 168
3 6 0.4 300 85 18 17 21 1 158
3 6 0.4 300 73 41 6 69 4 107
3 6 0.4 300 50 32 38 30 1 149
3 6 0.4 300 39 51 30 64 1 115
3 6 0.4 300 83 35 2 36 1 143
3 6 0.4 300 58 48 14 38 4 138
3 6 0.4 300 90 29 0 43 1 137
3 6 0.6 300 107 39 34 6 0 114
3 6 0.6 300 46 58 76 7 1 112
3 6 0.6 300 100 58 22 15 1 104
3 6 0.6 300 94 23 63 9 1 110
3 6 0.6 300 76 66 38 5 0 115
3 6 0.6 300 60 45 75 3 0 117
3 6 0.6 300 117 43 19 8 0 113
3 6 0.6 300 78 17 85 7 0 113
3 6 0.8 300 92 73 75 3 0 57
3 6 0.8 300 93 65 82 2 0 58
3 6 0.8 300 140 19 81 3 0 57
3 6 0.8 300 95 13 132 2 0 58
3 6 0.8 300 114 54 72 0 1 59
3 6 0.8 300 122 59 59 0 1 59
3 6 0.8 300 96 84 60 0 0 60
3 6 0.8 300 102 26 112 1 1 58
3 6 1 300 161 51 88 0 0 0
3 6 1 300 137 87 76 0 0 0
3 6 1 300 111 95 94 0 0 0
3 6 1 300 124 63 113 0 0 0
3 6 1 300 205 59 36 0 0 0
3 6 1 300 165 64 71 0 0 0
3 6 1 300 93 110 97 0 0 0
3 6 1 300 137 71 92 0 0 0
