3 6 0 300 0 0 0 33 0 267
3 6 0 300 0 0 0 37 0 263
3 6 0 300 0 0 0 115 0 185
3 6 0 300 0 0 0 68 0 232
3 6 0 300 0 0 0 96 0 204
3 6 0 300 0 0 0 111 0 189
3 6 0 300 0 0 0 167 2 131
3 6 0 300 0 0 0 72 1 227
3 6 0.2 300 26 11 23 82 1 157
3 6 0.2 300 4 4 52 8 1 231
3 6 0.2 300 10 4 43 16 1 226
3 6 0.2 300 38 16 6 61 2 177
3 6 0.2 300 50 5 5 84 0 156
3 6 0.2 300 40 11 9 86 0 154
3 6 0.2 300 45 8 7 45 1 194
3 6 0.2 300 2 10 48 11 3 226
3 6 0.4 300 23 13 84 4 0 176
3 6 0.4 300 36 10 73 5 0 176
3 6 0.4 300 6 12 102 5 0 175
3 6 0.4 300 77 25 17 36 3 142
3 6 0.4 300 28 7 85 6 0 174
3 6 0.4 300 77 5 38 5 3 172
3 6 0.4 300 61 19 39 9 2 170
3 6 0.4 300 51 22 47 7 0 173
3 6 0.6 300 45 8 125 2 0 120
3 6 0.6 300 97 19 63 4 0 117
3 6 0.6 300 69 22 87 4 0 118
3 6 0.6 300 18 23 138 4 0 117
3 6 0.6 300 19 31 130 5 1 114
3 6 0.6 300 61 31 86 4 2 116
3 6 0.6 300 25 20 134 2 1 118
3 6 0.6 300 65 29 86 8 1 111
3 6 0.8 300 99 16 125 0 0 60
3 6 0.8 300 98 23 119 1 2 57
3 6 0.8 300 119 20 101 2 0 58
3 6 0.8 300 38 34 168 0 0 60
3 6 0.8 300 80 23 137 0 0 60
3 6 0.8 300 20 19 201 0 1 59
3 6 0.8 300 107 14 119 1 0 59
3 6 0.8 300 114 26 99 6 0 55
3 6 1 300 123 35 142 0 0 0
3 6 1 300 94 61 145 0 0 0
3 6 1 300 148 17 135 0 0 0
3 6 1 300 109 20 171 0 0 0
3 6 1 300 143 39 118 0 0 0
3 6 1 300 156 42 102 0 0 0
3 6 1 300 84 16 200 0 0 0
3 6 1 300 156 34 110 0 0 0
