3 6 0 300 0 0 0 78 5 217
3 6 0 300 0 0 0 85 7 208
3 6 0 300 0 0 0 177 5 118
3 6 0 300 0 0 0 133 13 154
3 6 0 300 0 0 0 69 6 225
3 6 0 300 0 0 0 156 8 136
3 6 0 300 0 0 0 128 15 157
3 6 0 300 0 0 0 203 4 93
3 6 0.2 300 33 26 1 97 10 133
3 6 0.2 300 39 21 0 128 4 108
3 6 0.2 300 4 17 39 16 7 217
3 6 0.2 300 28 32 0 99 12 129
3 6 0.2 300 43 17 0 122 4 114
3 6 0.2 300 40 20 0 104 7 129
3 6 0.2 300 32 28 0 118 5 117
3 6 0.2 300 16 15 29 31 9 200
3 6 0.4 300 74 44 2 46 1 134
3 6 0.4 300 42 44 34 40 6 134
3 6 0.4 300 41 29 50 11 1 168
3 6 0.4 300 55 26 39 37 3 140
3 6 0.4 300 44 48 28 39 6 135
3 6 0.4 300 34 23 63 12 2 166
3 6 0.4 300 25 49 46 11 11 158
3 6 0.4 300 16 53 51 13 10 157
3 6 0.6 300 48 46 86 4 1 115
3 6 0.6 300 55 61 63 4 2 115
3 6 0.6 300 61 46 72 8 2 111
3 6 0.6 300 69 36 74 12 2 107
3 6 0.6 300 79 67 34 15 3 102
3 6 0.6 300 42 57 81 4 3 113
3 6 0.6 300 60 50 70 6 0 114
3 6 0.6 300 89 40 51 10 2 108
3 6 0.8 300 88 55 97 3 1 56
3 6 0.8 300 64 90 86 3 1 56
3 6 0.8 300 95 37 108 4 1 55
3 6 0.8 300 62 92 86 1 6 53
3 6 0.8 300 56 77 107 1 2 57
3 6 0.8 300 68 80 92 1 0 59
3 6 0.8 300 94 95 51 3 2 55
3 6 0.8 300 69 78 93 1 3 56
3 6 1 300 155 69 76 0 0 0
3 6 1 300 127 57 116 0 0 0
3 6 1 300 184 61 55 0 0 0
3 6 1 300 177 69 54 0 0 0
3 6 1 300 133 83 84 0 0 0
3 6 1 300 122 75 103 0 0 0
