3 6 0 300 0 0 0 1 0 299
3 6 0 300 0 0 0 2 0 298
3 6 0 300 0 0 0 8 0 292
3 6 0 300 0 0 0 5 0 295
3 6 0 300 0 0 0 7 0 293
3 6 0 300 0 0 0 2 3 295
3 6 0 300 0 0 0 3 0 297
3 6 0.1 300 0 0 30 2 2 266
3 6 0.1 300 0 0 30 2 0 268
3 6 0.1 300 1 1 28 3 1 266
3 6 0.1 300 4 1 25 8 0 262
3 6 0.1 300 1 1 28 0 0 270
3 6 0.2 300 0 2 56 5 1 236
3 6 0.2 300 1 5 53 2 2 237
3 6 0.2 300 0 7 53 1 2 237
3 6 0.2 300 0 1 59 0 0 240
3 6 0.2 300 0 1 58 2 1 238
3 6 0.3 300 2 10 77 3 6 202
3 6 0.3 300 1 4 85 1 0 209
3 6 0.3 300 1 2 86 2 2 207
3 6 0.3 300 0 10 80 3 1 206
3 6 0.3 300 0 1 89 2 0 208
3 6 0.4 300 2 2 116 2 2 176
3 6 0.4 300 0 7 113 0 0 180
3 6 0.4 300 4 15 101 1 0 179
3 6 0.4 300 1 4 114 5 0 176
3 6 0.4 300 0 4 115 0 0 181
3 6 0.5 300 0 4 146 0 1 149
3 6 0.5 300 0 6 144 2 0 148
3 6 0.5 300 0 5 145 0 0 150
3 6 0.5 300 0 1 148 0 0 151
3 6 0.5 300 2 12 136 0 0 150
3 6 0.6 300 3 11 166 1 0 119
3 6 0.6 300 1 4 175 0 1 119
3 6 0.6 300 0 13 165 0 0 122
3 6 0.6 300 4 2 174 1 0 119
3 6 0.6 300 5 6 167 1 0 121
3 6 0.7 300 14 6 189 0 0 91
3 6 0.7 300 5 13 191 0 1 90
3 6 0.7 300 3 6 200 0 1 90
3 6 0.7 300 8 23 179 0 1 89
3 6 0.7 300 5 1 203 1 0 90
3 6 0.8 300 3 7 230 0 0 60
3 6 0.8 300 8 0 231 1 0 60
3 6 0.8 300 3 2 235 0 0 60
3 6 0.8 300 2 4 234 1 0 59
3 6 0.8 300 4 18 217 0 0 61
3 6 0.9 300 2 23 245 0 0 30
3 6 0.9 300 14 27 229 0 0 30
3 6 0.9 300 2 12 256 0 0 30
3 6 0.9 300 10 8 252 0 0 30
3 6 0.9 300 2 3 265 1 0 29
3 6 1 300 41 18 241 0 0 0
3 6 1 300 51 14 235 0 0 0
3 6 1 300 11 11 278 0 0 0
3 6 1 300 38 23 239 0 0 0
3 6 1 300 9 12 279 0 0 0
