1 10 459
1 10 545
1 10 375
1 10 438
1 10 424
1 10 390
1 10 415
1 10 374
1 10 373
1 10 434
1 10 410
1 25 497
1 25 442
1 25 615
1 25 593
1 25 456
1 25 553
1 25 517
1 25 499
1 25 505
1 25 477
1 100 1139
1 100 952
1 100 876
1 100 989
1 100 1072
1 100 957
1 100 1065
1 100 887
1 100 1113
1 100 955
1 200 1518
1 200 1510
1 200 1566
1 200 1431
1 200 1494
1 200 1523
1 200 1593
1 200 1511
1 200 1642
1 200 1637
2 200 766
2 200 765
2 200 767
2 200 760
2 200 720
2 200 788
2 200 755
2 200 725
2 200 800
2 200 744
2 100 547
2 100 548
2 100 545
2 100 550
2 100 559
2 100 521
2 100 508
2 100 528
2 100 510
2 100 485
2 25 445
2 25 434
2 25 386
2 25 402
2 25 420
2 25 472
2 25 404
2 25 437
2 25 383
2 25 408
2 10 374
2 10 416
2 10 349
2 10 381
2 10 342
2 10 379
2 10 380
2 10 433
2 10 351
2 10 364
2 10 442
