60 0 0 2
120 0 0 15
180 0 3 20
240 0 3 24
300 0 3 24
313 0 4 24
314 0 4 24
315 0 4 24
316 0 4 24
317 0 4 24
318 0 4 24
319 0 4 24
320 0 4 24
321 0 4 24
322 0 4 24
323 0 4 24
324 0 4 24
325 0 4 24
326 0 4 24
327 0 4 24
328 0 4 24
329 0 4 24
330 0 4 24
331 0 4 24
332 0 4 24
333 0 4 24
334 0 4 24
335 0 4 24
336 0 4 24
337 0 4 24
338 0 4 24
339 0 4 24
340 0 4 24
341 0 4 24
342 0 4 24
343 0 4 24
344 0 4 24
345 0 4 24
346 0 4 24
347 0 4 24
348 0 4 24
349 0 4 24
350 0 4 24
351 0 4 24
352 0 4 24
353 0 4 24
354 0 4 24
355 0 4 24
356 0 4 24
357 0 4 24
358 0 4 24
359 0 4 24
360 0 4 24
361 0 4 24
362 0 4 24
363 0 4 24
364 0 4 24
365 0 4 24
366 0 4 24
367 0 4 24
368 0 4 24
369 0 4 24
370 0 4 24
371 0 4 24
372 0 4 24
373 0 4 24
374 0 4 24
375 0 4 24
376 0 4 24
377 0 4 24
378 0 4 24
379 0 4 24
380 0 4 24
381 0 4 24
382 0 4 24
383 0 4 24
384 0 4 24
385 0 4 24
386 0 4 24
387 0 4 24
388 0 4 24
389 0 4 24
390 0 4 24
391 0 4 24
392 0 4 24
393 0 4 24
394 0 4 24
395 0 4 24
396 0 4 24
397 0 4 24
398 0 4 24
399 0 4 24
400 0 4 24
401 0 4 24
402 0 4 24
403 0 4 24
404 0 4 24
405 0 4 24
406 0 4 24
407 0 4 24
408 0 4 24
409 0 4 24
410 0 4 24
411 0 4 24
412 0 4 24
413 0 4 24
414 0 4 24
415 0 4 24
416 0 4 24
417 0 4 24
418 0 4 24
419 0 4 24
420 0 4 24
421 0 4 24
422 0 4 24
423 0 4 24
424 0 4 24
425 0 4 24
426 0 4 24
427 0 4 24
428 0 4 24
429 0 4 24
430 0 4 24
431 0 4 24
432 0 4 24
433 0 4 24
434 0 4 24
435 0 4 24
436 0 4 24
437 0 4 24
438 0 4 24
439 0 4 24
440 0 4 24
441 0 4 24
442 0 4 24
443 0 4 24
444 0 4 24
445 0 4 24
446 0 4 24
447 0 4 24
448 0 4 24
449 0 4 24
450 0 4 24
451 0 4 24
452 0 4 24
453 0 4 24
454 0 4 24
455 0 4 24
456 0 4 24
457 0 4 24
458 0 4 24
459 0 4 24
460 0 4 24
461 0 4 24
462 0 4 24
463 0 4 24
464 0 4 24
465 0 4 24
466 0 4 24
467 0 4 24
468 0 4 24
469 0 4 24
470 0 4 24
471 0 4 24
472 0 4 24
473 0 4 24
474 0 4 24
475 0 4 24
476 0 4 24
477 0 4 24
478 0 4 24
479 0 4 24
480 0 4 24
481 0 4 24
482 0 4 24
483 0 4 24
484 0 4 24
485 0 4 24
486 0 4 24
487 0 4 24
488 0 4 24
489 0 4 24
490 0 4 24
491 0 4 24
492 0 4 24
493 0 4 24
494 0 4 24
495 0 4 24
496 0 4 24
497 0 4 24
498 0 4 24
499 0 4 24
500 0 4 24
501 0 4 24
502 0 4 24
503 0 4 24
504 0 4 24
505 0 4 24
506 0 4 24
507 0 4 24
508 0 4 24
509 0 4 24
510 0 4 24
511 0 4 24
512 0 4 24
513 0 4 24
514 0 4 24
515 0 4 24
516 0 4 24
517 0 4 24
518 0 4 24
519 0 4 24
520 0 4 24
521 0 4 24
522 0 4 24
523 0 4 24
524 0 4 24
525 0 4 24
526 0 4 24
527 0 4 24
528 0 4 24
529 0 4 24
530 0 4 24
531 0 4 24
532 0 4 24
533 0 4 24
534 0 4 24
535 0 4 24
536 0 4 24
537 0 4 24
538 0 4 24
539 0 4 24
540 0 4 24
541 0 4 24
542 0 4 24
543 0 4 24
544 0 4 24
545 0 4 24
546 0 4 24
547 0 4 24
548 0 4 24
549 0 4 24
550 0 4 24
551 0 4 24
552 0 4 24
553 0 4 24
554 0 4 24
555 0 4 24
556 0 4 24
557 0 4 24
558 0 4 24
559 0 4 24
560 0 4 24
561 0 4 24
562 0 4 24
563 0 4 24
564 0 4 24
565 0 4 24
566 0 4 24
567 0 4 24
568 0 4 24
569 0 4 24
570 0 4 24
571 0 4 24
572 0 4 24
573 0 4 24
574 0 4 24
575 0 4 24
576 0 4 24
577 0 4 24
578 0 4 24
579 0 4 24
580 0 4 24
581 0 4 24
582 0 4 24
583 0 4 24
584 0 4 24
585 0 4 24
586 0 4 24
587 0 4 24
588 0 4 24
589 0 4 24
590 0 4 24
591 0 4 24
592 0 4 24
593 0 4 24
594 0 4 24
595 0 4 24
596 0 4 24
597 0 4 24
598 0 4 24
599 0 4 24
600 0 4 24
601 0 4 24
602 0 4 24
603 0 4 24
604 0 4 24
605 0 4 24
606 0 4 24
607 0 4 24
608 0 4 24
609 0 4 24
610 0 4 24
611 0 4 24
612 0 4 24
613 0 4 24
614 0 4 24
615 0 4 24
616 0 4 24
617 0 4 24
618 0 4 24
619 0 4 24
620 0 4 24
621 0 4 24
622 0 5 24
