60 0 8 0
120 1 17 17
180 2 19 61
240 2 38 111
300 2 38 147
360 6 52 163
420 6 52 177
480 6 74 189
540 6 76 202
600 6 76 213
609 6 76 217
610 6 76 217
611 6 76 217
612 6 76 217
613 6 76 217
614 6 76 217
615 6 76 217
616 6 76 217
617 6 76 217
618 6 76 217
619 6 76 217
620 6 76 217
621 6 76 217
622 6 76 217
623 6 76 217
624 6 76 217
625 6 76 217
626 6 76 217
627 6 76 217
628 6 76 217
629 6 76 217
630 6 76 217
631 6 76 217
632 6 76 217
633 6 76 217
634 6 76 217
635 6 76 217
636 6 76 217
637 6 76 217
638 6 76 217
639 6 76 217
640 6 76 217
641 6 76 217
642 6 76 217
643 6 76 217
644 6 76 217
645 6 76 217
646 6 76 217
647 6 76 217
648 6 76 217
649 6 76 217
650 6 76 217
651 6 76 217
652 6 76 217
653 6 76 217
654 6 76 217
655 6 76 217
656 6 76 217
657 6 76 217
658 6 76 217
659 6 76 217
660 6 76 217
661 6 76 217
662 6 76 217
663 6 76 217
664 6 76 217
665 6 76 217
666 6 76 217
667 6 76 217
668 6 76 217
669 6 76 217
670 6 76 217
671 6 76 217
672 6 76 217
673 6 76 217
674 6 76 217
675 6 76 217
676 6 76 217
677 6 76 217
678 6 76 217
679 6 76 217
680 6 76 217
681 6 76 217
682 6 76 217
683 6 76 217
684 6 76 217
685 6 76 217
686 6 76 217
687 6 76 217
688 6 76 217
689 6 76 217
690 6 76 217
691 6 76 217
692 6 76 217
693 6 76 217
694 6 76 217
695 6 76 217
696 6 76 217
697 6 76 217
698 6 76 217
699 6 76 217
700 6 76 217
701 6 76 217
702 6 76 217
703 6 76 217
704 6 76 217
705 6 76 217
706 6 76 217
707 6 76 217
708 6 76 217
709 6 76 217
710 6 76 217
711 6 76 217
712 6 76 217
713 6 76 217
714 6 76 217
715 6 77 217
