3 6 0 300 0 0 0 195 9 96
3 6 0 300 0 0 0 202 0 98
3 6 0 300 0 0 0 210 10 80
3 6 0 300 0 0 0 178 6 116
3 6 0 300 0 0 0 197 13 90
3 6 0.1 300 18 11 1 185 8 77
3 6 0.1 300 13 15 2 175 6 89
3 6 0.1 300 24 6 0 192 3 75
3 6 0.1 300 16 14 0 182 13 75
3 6 0.1 300 21 8 1 160 5 105
3 6 0.2 300 38 20 2 135 14 91
3 6 0.2 300 45 12 3 206 3 31
3 6 0.2 300 37 22 1 163 7 70
3 6 0.2 300 43 16 1 141 6 93
3 6 0.2 300 41 18 1 154 10 76
3 6 0.3 300 76 13 1 152 1 57
3 6 0.3 300 68 21 1 149 15 46
3 6 0.3 300 52 32 6 147 3 60
3 6 0.3 300 58 31 1 107 11 92
3 6 0.3 300 62 23 5 105 6 99
3 6 0.4 300 75 41 4 90 7 83
3 6 0.4 300 82 34 4 121 7 52
3 6 0.4 300 81 31 8 79 6 95
3 6 0.4 300 82 37 1 82 2 96
3 6 0.4 300 91 22 7 81 3 96
3 6 0.5 300 91 52 6 77 6 68
3 6 0.5 300 114 15 21 37 0 113
3 6 0.5 300 114 30 6 83 3 64
3 6 0.5 300 106 39 5 80 2 68
3 6 0.5 300 119 22 9 60 1 89
3 6 0.6 300 114 24 42 12 1 107
3 6 0.6 300 68 25 87 12 1 107
3 6 0.6 300 149 26 5 43 1 76
3 6 0.6 300 123 45 12 43 2 75
3 6 0.6 300 115 50 15 39 3 78
3 6 0.7 300 110 37 63 12 0 78
3 6 0.7 300 84 49 77 17 1 72
3 6 0.7 300 149 46 15 42 3 45
3 6 0.7 300 149 40 21 20 2 68
3 6 0.7 300 145 39 26 34 0 56
3 6 0.8 300 106 39 95 8 0 52
3 6 0.8 300 153 38 49 8 0 52
3 6 0.8 300 125 40 75 8 0 52
3 6 0.8 300 177 41 22 19 0 41
3 6 0.8 300 144 45 50 12 0 49
3 6 0.9 300 141 87 42 8 3 19
3 6 0.9 300 156 55 59 4 0 26
3 6 0.9 300 159 63 48 6 0 24
3 6 0.9 300 166 62 42 5 0 25
3 6 0.9 300 195 29 46 5 0 25
3 6 1 300 203 43 54 0 0 0
3 6 1 300 191 56 53 0 0 0
3 6 1 300 192 63 45 0 0 0
3 6 1 300 230 38 32 0 0 0
3 6 1 300 217 33 50 0 0 0
