3 6 0 300 0 0 0 197 36 67
3 6 0 300 0 0 0 122 41 137
3 6 0 300 0 0 0 161 36 103
3 6 0 300 0 0 0 161 21 118
3 6 0 300 0 0 0 125 19 156
3 6 0.1 300 17 11 2 176 37 57
3 6 0.1 300 15 13 2 141 45 84
3 6 0.1 300 13 15 2 149 27 95
3 6 0.1 300 11 18 1 103 56 111
3 6 0.1 300 11 17 2 108 20 142
3 6 0.2 300 32 27 1 145 18 77
3 6 0.2 300 33 23 4 151 26 63
3 6 0.2 300 42 17 1 156 24 60
3 6 0.2 300 41 13 6 138 12 90
3 6 0.2 300 31 29 0 182 20 38
3 6 0.3 300 30 49 11 57 31 122
3 6 0.3 300 51 30 9 104 14 92
3 6 0.3 300 52 35 2 116 16 79
3 6 0.3 300 48 28 14 76 14 120
3 6 0.3 300 36 34 20 64 23 124
3 6 0.4 300 57 51 12 62 17 101
3 6 0.4 300 70 39 10 73 15 93
3 6 0.4 300 68 49 3 118 18 44
3 6 0.4 300 73 42 5 60 19 101
3 6 0.4 300 62 52 6 106 32 42
3 6 0.5 300 90 50 10 93 3 54
3 6 0.5 300 87 41 21 52 14 85
3 6 0.5 300 75 64 10 64 8 79
3 6 0.5 300 107 35 8 74 4 72
3 6 0.5 300 10 65 75 7 17 126
3 6 0.6 300 95 53 32 27 12 81
3 6 0.6 300 105 54 20 43 13 65
3 6 0.6 300 83 62 35 31 10 79
3 6 0.6 300 34 50 94 13 17 92
3 6 0.6 300 101 64 15 52 13 55
3 6 0.7 300 20 65 125 1 7 82
3 6 0.7 300 131 64 15 39 6 45
3 6 0.7 300 119 55 36 35 6 49
3 6 0.7 300 56 60 94 15 1 74
3 6 0.7 300 21 53 135 2 1 88
3 6 0.8 300 95 65 79 15 2 44
3 6 0.8 300 66 78 96 3 4 53
3 6 0.8 300 97 51 92 11 3 46
3 6 0.8 300 30 76 134 5 1 54
3 6 0.8 300 90 60 90 14 2 44
3 6 0.9 300 41 68 160 0 2 29
3 6 0.9 300 113 66 91 3 2 25
3 6 0.9 300 103 71 96 7 0 23
3 6 0.9 300 40 86 144 0 0 30
3 6 0.9 300 42 94 135 0 3 27
3 6 1 300 37 89 174 0 0 0
3 6 1 300 113 66 121 0 0 0
3 6 1 300 100 83 119 0 0 0
3 6 1 300 143 88 69 0 0 0
3 6 1 300 37 81 182 0 0 0
