0 0 0 0
60 3 1 84
120 12 1 182
180 32 1 269
240 41 1 318
300 41 1 337
360 41 1 340
420 41 1 346
480 41 1 358
540 41 1 358
600 41 1 358
60 0 0 81
120 8 0 181
180 12 0 267
240 17 0 341
300 18 0 360
360 18 0 366
420 19 0 370
480 19 0 370
540 20 0 370
600 20 0 370
660 20 0 370
720 20 0 371
780 20 0 371
840 20 0 371
900 21 0 371
960 22 0 372
1020 22 0 372
1080 22 0 372
1140 22 1 372
1200 22 1 372
1260 22 1 372
1320 22 1 372
1380 22 1 372
1440 22 1 372
1500 22 1 372
1560 22 6 372
1620 22 6 372
1680 22 6 372
1740 22 6 372
1800 22 6 372
1860 22 6 372
1920 22 6 372
60 5 0 84
60 6 0 80
120 19 0 185
60 6 0 74
120 16 0 176
180 26 0 265
240 26 0 343
300 26 0 373
360 26 0 374
420 26 0 374
60 9 0 0
120 25 0 0
180 38 0 5
240 55 0 53
300 66 0 94
360 76 0 136
420 82 0 173
480 87 0 199
540 95 0 222
600 98 0 242
660 99 0 261
720 100 0 278
780 102 0 293
840 102 0 297
60 0 0 0
120 1 0 0
180 3 0 5
240 3 0 45
300 4 0 97
360 5 0 149
420 5 0 205
480 6 0 253
540 6 0 290
600 6 0 323
660 6 0 350
720 6 0 373
780 6 0 394
840 6 0 394
900 6 0 394
960 6 0 394
1020 6 0 394
1080 6 0 394
1140 6 0 394
1200 6 0 394
1260 6 0 394
1320 6 0 394
1380 6 0 394
1440 6 0 394
1500 6 0 394
1560 6 0 394
1620 6 0 394
1680 6 0 394
1740 6 0 394
1800 6 0 394
1860 6 0 394
1920 6 0 394
1980 6 0 394
2040 6 0 394
2100 6 0 394
2160 6 0 394
2220 6 0 394
2280 6 0 394
2340 6 0 394
2400 6 0 394
2460 6 0 394
2520 6 0 394
2580 6 0 394
2640 6 0 394
2700 6 0 394
2760 6 0 394
2820 6 0 394
2880 6 0 394
2940 6 0 394
3000 6 0 394
3060 6 0 394
3120 6 0 394
3180 6 0 394
3240 6 0 394
3300 6 0 394
3360 6 0 394
3420 6 0 394
3480 6 0 394
3540 6 0 394
3600 6 0 394
3660 6 0 394
3720 6 0 394
3780 6 0 394
3840 6 0 394
3900 6 0 394
3960 6 0 394
4020 6 0 394
4080 6 0 394
4140 6 0 394
4200 6 0 394
4260 6 0 394
4320 6 0 394
4380 6 0 394
4440 6 0 394
4500 6 0 394
4560 6 0 394
4620 6 0 394
4680 6 0 394
4740 6 0 394
4800 6 0 394
4860 6 0 394
4920 6 0 394
4980 6 0 394
5040 6 0 394
5100 6 0 394
5160 6 0 394
5220 6 0 394
5280 6 0 394
5340 6 0 394
5400 6 0 394
5460 6 0 394
5520 6 0 394
5580 6 0 394
5640 6 0 394
5700 6 0 394
5760 6 0 394
5820 6 0 394
5880 6 0 394
5940 6 0 394
6000 6 0 394
6060 6 0 394
6120 6 0 394
6180 6 0 394
6240 6 0 394
6300 6 0 394
6360 6 0 394
6420 6 0 394
6480 6 0 394
6540 6 0 394
6600 6 0 394
6660 6 0 394
6720 6 0 394
6780 6 0 394
6840 6 0 394
6900 6 0 394
6960 6 0 394
7020 6 0 394
7080 6 0 394
7140 6 0 394
7200 6 0 394
7260 6 0 394
7320 6 0 394
7380 6 0 394
7440 6 0 394
7500 6 0 394
7560 6 0 394
7620 6 0 394
7680 6 0 394
7740 6 0 394
7800 6 0 394
7860 6 0 394
7920 6 0 394
7980 6 0 394
8040 6 0 394
8100 6 0 394
8160 6 0 394
8220 6 0 394
8280 6 0 394
8340 6 0 394
8400 6 0 394
8460 6 0 394
8520 6 0 394
8580 6 0 394
8640 6 0 394
8700 6 0 394
8760 6 0 394
8820 6 0 394
8880 6 0 394
8940 6 0 394
9000 6 0 394
9060 6 0 394
9120 6 0 394
9180 6 0 394
9240 6 0 394
9300 6 0 394
9360 6 0 394
9420 6 0 394
9480 6 0 394
9540 6 0 394
9600 6 0 394
9660 6 0 394
9720 6 0 394
9780 6 0 394
9840 6 0 394
9900 6 0 394
9960 6 0 394
10020 6 0 394
10080 6 0 394
10140 6 0 394
10200 6 0 394
10260 6 0 394
10320 6 0 394
10380 6 0 394
10440 6 0 394
10500 6 0 394
10560 6 0 394
10620 6 0 394
10680 6 0 394
10740 6 0 394
10800 6 0 394
10860 6 0 394
10920 6 0 394
10980 6 0 394
11040 6 0 394
11100 6 0 394
11160 6 0 394
11220 6 0 394
11280 6 0 394
11340 6 0 394
11400 6 0 394
11460 6 0 394
11520 6 0 394
11580 6 0 394
11640 6 0 394
11700 6 0 394
11760 6 0 394
11820 6 0 394
11880 6 0 394
11940 6 0 394
12000 6 0 394
12060 6 0 394
12120 6 0 394
12180 6 0 394
12240 6 0 394
12300 6 0 394
12360 6 0 394
12420 6 0 394
12480 6 0 394
12540 6 0 394
12600 6 0 394
12660 6 0 394
12720 6 0 394
12780 6 0 394
12840 6 0 394
12900 6 0 394
12960 6 0 394
13020 6 0 394
13080 6 0 394
13140 6 0 394
13200 6 0 394
13260 6 0 394
13320 6 0 394
13380 6 0 394
13440 6 0 394
13500 6 0 394
13560 6 0 394
13620 6 0 394
13680 6 0 394
13740 6 0 394
13800 6 0 394
13860 6 0 394
13920 6 0 394
13980 6 0 394
14040 6 0 394
14100 6 0 394
14160 6 0 394
14220 6 0 394
14280 6 0 394
14340 6 0 394
14400 6 0 394
14460 6 0 394
14520 6 0 394
14580 6 0 394
14640 6 0 394
14700 6 0 394
14760 6 0 394
14820 6 0 394
14880 6 0 394
14940 6 0 394
15000 6 0 394
15060 6 0 394
15120 6 0 394
15180 6 0 394
15240 6 0 394
15300 6 0 394
15360 6 0 394
15420 6 0 394
15480 6 0 394
15540 6 0 394
15600 6 0 394
15660 6 0 394
15720 6 0 394
15780 6 0 394
15840 6 0 394
15900 6 0 394
15960 6 0 394
16020 6 0 394
16080 6 0 394
16140 6 0 394
16200 6 0 394
16260 6 0 394
16320 6 0 394
16380 6 0 394
16440 6 0 394
16500 6 0 394
16560 6 0 394
16620 6 0 394
16680 6 0 394
16740 6 0 394
16800 6 0 394
16860 6 0 394
16920 6 0 394
16980 6 0 394
17040 6 0 394
17100 6 0 394
17160 6 0 394
17220 6 0 394
17280 6 0 394
17340 6 0 394
17400 6 0 394
17460 6 0 394
17520 6 0 394
17580 6 0 394
17640 6 0 394
17700 6 0 394
17760 6 0 394
17820 6 0 394
17880 6 0 394
17940 6 0 394
18000 6 0 394
18060 6 0 394
18120 6 0 394
18180 6 0 394
18240 6 0 394
18300 6 0 394
18360 6 0 394
18420 6 0 394
18480 6 0 394
18540 6 0 394
18600 6 0 394
18660 6 0 394
18720 6 0 394
18780 6 0 394
18840 6 0 394
18900 6 0 394
18960 6 0 394
19020 6 0 394
19080 6 0 394
19140 6 0 394
19200 6 0 394
19260 6 0 394
19320 6 0 394
19380 6 0 394
19440 6 0 394
19500 6 0 394
19560 6 0 394
19620 6 0 394
19680 6 0 394
19740 6 0 394
19800 6 0 394
19860 6 0 394
19920 6 0 394
19980 6 0 394
20040 6 0 394
20100 6 0 394
20160 6 0 394
20220 6 0 394
20280 6 0 394
20340 6 0 394
20400 6 0 394
20460 6 0 394
20520 6 0 394
20580 6 0 394
20640 6 0 394
20700 6 0 394
20760 6 0 394
20820 6 0 394
20880 6 0 394
20940 6 0 394
21000 6 0 394
21060 6 0 394
21120 6 0 394
21180 6 0 394
21240 6 0 394
21300 6 0 394
21360 6 0 394
21420 6 0 394
21480 6 0 394
21540 6 0 394
21600 6 0 394
21660 6 0 394
21720 6 0 394
21780 6 0 394
21840 6 0 394
21900 6 0 394
21960 6 0 394
22020 6 0 394
22080 6 0 394
22140 6 0 394
22200 6 0 394
22260 6 0 394
22320 6 0 394
22380 6 0 394
22440 6 0 394
22500 6 0 394
22560 6 0 394
22620 6 0 394
22680 6 0 394
22740 6 0 394
22800 6 0 394
22860 6 0 394
22920 6 0 394
22980 6 0 394
23040 6 0 394
23100 6 0 394
23160 6 0 394
23220 6 0 394
23280 6 0 394
23340 6 0 394
23400 6 0 394
23460 6 0 394
23520 6 0 394
23580 6 0 394
23640 6 0 394
23700 6 0 394
23760 6 0 394
23820 6 0 394
23880 6 0 394
23940 6 0 394
24000 6 0 394
24060 6 0 394
24120 6 0 394
24180 6 0 394
24240 6 0 394
24300 6 0 394
24360 6 0 394
24420 6 0 394
24480 6 0 394
24540 6 0 394
24600 6 0 394
24660 6 0 394
24720 6 0 394
24780 6 0 394
24840 6 0 394
24900 6 0 394
24960 6 0 394
25020 6 0 394
25080 6 0 394
25140 6 0 394
25200 6 0 394
25260 6 0 394
25320 6 0 394
25380 6 0 394
25440 6 0 394
25500 6 0 394
25560 6 0 394
25620 6 0 394
25680 6 0 394
25740 6 0 394
25800 6 0 394
25860 6 0 394
25920 6 0 394
25980 6 0 394
26040 6 0 394
26100 6 0 394
26160 6 0 394
26220 6 0 394
26280 6 0 394
26340 6 0 394
26400 6 0 394
26460 6 0 394
26520 6 0 394
26580 6 0 394
26640 6 0 394
26700 6 0 394
26760 6 0 394
26820 6 0 394
26880 6 0 394
26940 6 0 394
27000 6 0 394
27060 6 0 394
27120 6 0 394
27180 6 0 394
27240 6 0 394
27300 6 0 394
27360 6 0 394
27420 6 0 394
27480 6 0 394
27540 6 0 394
27600 6 0 394
27660 6 0 394
27720 6 0 394
27780 6 0 394
27840 6 0 394
27900 6 0 394
27960 6 0 394
28020 6 0 394
28080 6 0 394
28140 6 0 394
28200 6 0 394
28260 6 0 394
28320 6 0 394
28380 6 0 394
28440 6 0 394
28500 6 0 394
28560 6 0 394
28620 6 0 394
28680 6 0 394
28740 6 0 394
28800 6 0 394
28860 6 0 394
28920 6 0 394
28980 6 0 394
29040 6 0 394
29100 6 0 394
29160 6 0 394
29220 6 0 394
29280 6 0 394
29340 6 0 394
29400 6 0 394
29460 6 0 394
29520 6 0 394
29580 6 0 394
29640 6 0 394
29700 6 0 394
29760 6 0 394
29820 6 0 394
29880 6 0 394
29940 6 0 394
30000 6 0 394
30060 6 0 394
30120 6 0 394
30180 6 0 394
30240 6 0 394
30300 6 0 394
30360 6 0 394
30420 6 0 394
30480 6 0 394
30540 6 0 394
30600 6 0 394
30660 6 0 394
30720 6 0 394
30780 6 0 394
30840 6 0 394
30900 6 0 394
30960 6 0 394
31020 6 0 394
31080 6 0 394
31140 6 0 394
31200 6 0 394
31260 6 0 394
31320 6 0 394
31380 6 0 394
31440 6 0 394
31500 6 0 394
31560 6 0 394
31620 6 0 394
31680 6 0 394
31740 6 0 394
31800 6 0 394
31860 6 0 394
31920 6 0 394
31980 6 0 394
32040 6 0 394
32100 6 0 394
32160 6 0 394
32220 6 0 394
32280 6 0 394
32340 6 0 394
32400 6 0 394
32460 6 0 394
32520 6 0 394
32580 6 0 394
32640 6 0 394
32700 6 0 394
32760 6 0 394
32820 6 0 394
32880 6 0 394
32940 6 0 394
33000 6 0 394
33060 6 0 394
33120 6 0 394
33180 6 0 394
33240 6 0 394
33300 6 0 394
33360 6 0 394
33420 6 0 394
33480 6 0 394
33540 6 0 394
33600 6 0 394
33660 6 0 394
33720 6 0 394
33780 6 0 394
33840 6 0 394
33900 6 0 394
33960 6 0 394
34020 6 0 394
34080 6 0 394
34140 6 0 394
34200 6 0 394
34260 6 0 394
34320 6 0 394
34380 6 0 394
34440 6 0 394
34500 6 0 394
34560 6 0 394
34620 6 0 394
34680 6 0 394
34740 6 0 394
34800 6 0 394
34860 6 0 394
34920 6 0 394
34980 6 0 394
35040 6 0 394
35100 6 0 394
35160 6 0 394
35220 6 0 394
35280 6 0 394
35340 6 0 394
35400 6 0 394
35460 6 0 394
35520 6 0 394
35580 6 0 394
35640 6 0 394
35700 6 0 394
35760 6 0 394
35820 6 0 394
35880 6 0 394
35940 6 0 394
36000 6 0 394
36060 6 0 394
36120 6 0 394
36180 6 0 394
36240 6 0 394
36300 6 0 394
36360 6 0 394
36420 6 0 394
36480 6 0 394
36540 6 0 394
36600 6 0 394
36660 6 0 394
36720 6 0 394
36780 6 0 394
36840 6 0 394
36900 6 0 394
36960 6 0 394
37020 6 0 394
37080 6 0 394
37140 6 0 394
37200 6 0 394
37260 6 0 394
37320 6 0 394
37380 6 0 394
37440 6 0 394
37500 6 0 394
37560 6 0 394
37620 6 0 394
37680 6 0 394
37740 6 0 394
37800 6 0 394
37860 6 0 394
37920 6 0 394
37980 6 0 394
38040 6 0 394
38100 6 0 394
38160 6 0 394
38220 6 0 394
38280 6 0 394
38340 6 0 394
38400 6 0 394
38460 6 0 394
38520 6 0 394
38580 6 0 394
38640 6 0 394
38700 6 0 394
38760 6 0 394
38820 6 0 394
38880 6 0 394
38940 6 0 394
39000 6 0 394
39060 6 0 394
39120 6 0 394
39180 6 0 394
39240 6 0 394
39300 6 0 394
39360 6 0 394
39420 6 0 394
39480 6 0 394
39540 6 0 394
39600 6 0 394
39660 6 0 394
39720 6 0 394
39780 6 0 394
39840 6 0 394
39900 6 0 394
39960 6 0 394
40020 6 0 394
40080 6 0 394
40140 6 0 394
40200 6 0 394
40260 6 0 394
40320 6 0 394
40380 6 0 394
40440 6 0 394
40500 6 0 394
40560 6 0 394
40620 6 0 394
40680 6 0 394
40740 6 0 394
40800 6 0 394
40860 6 0 394
40920 6 0 394
40980 6 0 394
41040 6 0 394
41100 6 0 394
41160 6 0 394
41220 6 0 394
41280 6 0 394
41340 6 0 394
41400 6 0 394
41460 6 0 394
41520 6 0 394
60 1 0 0
60 1 0 0
120 4 0 0
180 6 0 4
240 6 0 40
300 6 0 94
360 6 0 143
420 6 0 201
480 7 0 248
540 8 0 283
600 8 0 312
660 8 0 332
720 8 0 353
780 8 0 373
840 8 0 391
900 8 0 391
960 8 0 391
1020 8 0 392
1080 8 0 392
1140 8 0 392
1200 8 0 392
1260 8 0 392
1320 8 0 392
1380 8 0 392
1440 8 0 392
1500 8 0 392
1560 8 0 392
1620 8 0 392
1680 8 0 392
1740 8 0 392
1800 8 0 392
1860 8 0 392
1920 8 0 392
1980 8 0 392
2040 8 0 392
2100 8 0 392
2160 8 0 392
2220 8 0 392
2280 8 0 392
2340 8 0 392
2400 8 0 392
2460 8 0 392
2520 8 0 392
2580 8 0 392
2640 8 0 392
2700 8 0 392
2760 8 0 392
2820 8 0 392
2880 8 0 392
2940 8 0 392
3000 8 0 392
3060 8 0 392
3120 8 0 392
3180 8 0 392
3240 8 0 392
3300 8 0 392
3360 8 0 392
3420 8 0 392
3480 8 0 392
3540 8 0 392
3600 8 0 392
3660 8 0 392
3720 8 0 392
3780 8 0 392
3840 8 0 392
3900 8 0 392
3960 8 0 392
4020 8 0 392
4080 8 0 392
4140 8 0 392
4200 8 0 392
4260 8 0 392
4320 8 0 392
4380 8 0 392
4440 8 0 392
4500 8 0 392
4560 8 0 392
4620 8 0 392
4680 8 0 392
4740 8 0 392
4800 8 0 392
4860 8 0 392
4920 8 0 392
4980 8 0 392
5040 8 0 392
5100 8 0 392
5160 8 0 392
5220 8 0 392
5280 8 0 392
5340 8 0 392
5400 8 0 392
5460 8 0 392
5520 8 0 392
5580 8 0 392
5640 8 0 392
5700 8 0 392
5760 8 0 392
5820 8 0 392
5880 8 0 392
5940 8 0 392
6000 8 0 392
6060 8 0 392
6120 8 0 392
6180 8 0 392
6240 8 0 392
6300 8 0 392
6360 8 0 392
6420 8 0 392
6480 8 0 392
6540 8 0 392
6600 8 0 392
6660 8 0 392
6720 8 0 392
6780 8 0 392
6840 8 0 392
6900 8 0 392
6960 8 0 392
7020 8 0 392
7080 8 0 392
7140 8 0 392
7200 8 0 392
7260 8 0 392
7320 8 0 392
7380 8 0 392
7440 8 0 392
7500 8 0 392
7560 8 0 392
7620 8 0 392
7680 8 0 392
7740 8 0 392
7800 8 0 392
7860 8 0 392
7920 8 0 392
7980 8 0 392
8040 8 0 392
8100 8 0 392
8160 8 0 392
8220 8 0 392
8280 8 0 392
8340 8 0 392
8400 8 0 392
8460 8 0 392
8520 8 0 392
8580 8 0 392
8640 8 0 392
8700 8 0 392
8760 8 0 392
8820 8 0 392
8880 8 0 392
8940 8 0 392
9000 8 0 392
9060 8 0 392
9120 8 0 392
9180 8 0 392
9240 8 0 392
9300 8 0 392
9360 8 0 392
9420 8 0 392
9480 8 0 392
9540 8 0 392
9600 8 0 392
9660 8 0 392
9720 8 0 392
9780 8 0 392
9840 8 0 392
9900 8 0 392
9960 8 0 392
10020 8 0 392
10080 8 0 392
10140 8 0 392
10200 8 0 392
10260 8 0 392
10320 8 0 392
10380 8 0 392
10440 8 0 392
10500 8 0 392
10560 8 0 392
10620 8 0 392
10680 8 0 392
10740 8 0 392
10800 8 0 392
10860 8 0 392
10920 8 0 392
10980 8 0 392
11040 8 0 392
11100 8 0 392
11160 8 0 392
11220 8 0 392
11280 8 0 392
11340 8 0 392
11400 8 0 392
11460 8 0 392
11520 8 0 392
11580 8 0 392
11640 8 0 392
11700 8 0 392
11760 8 0 392
11820 8 0 392
11880 8 0 392
11940 8 0 392
12000 8 0 392
12060 8 0 392
12120 8 0 392
12180 8 0 392
12240 8 0 392
12300 8 0 392
12360 8 0 392
12420 8 0 392
12480 8 0 392
12540 8 0 392
12600 8 0 392
12660 8 0 392
12720 8 0 392
12780 8 0 392
12840 8 0 392
12900 8 0 392
12960 8 0 392
13020 8 0 392
13080 8 0 392
13140 8 0 392
13200 8 0 392
13260 8 0 392
13320 8 0 392
13380 8 0 392
13440 8 0 392
13500 8 0 392
13560 8 0 392
13620 8 0 392
13680 8 0 392
13740 8 0 392
13800 8 0 392
13860 8 0 392
60 1 0 0
120 1 0 0
180 2 0 9
240 3 0 60
300 4 0 113
360 4 0 169
420 4 0 229
480 4 0 282
540 5 0 337
600 5 0 377
660 5 0 394
720 5 0 395
780 5 0 395
840 5 0 395
900 5 0 395
960 5 0 395
1020 5 0 395
1080 5 0 395
1140 5 0 395
1200 5 0 395
1260 5 0 395
1320 5 0 395
1380 5 0 395
1440 5 0 395
1500 5 0 395
1560 5 0 395
1620 5 0 395
1680 5 0 395
1740 5 0 395
1800 5 0 395
1860 5 0 395
1920 5 0 395
1980 5 0 395
2040 5 0 395
2100 5 0 395
2160 5 0 395
2220 5 0 395
2280 5 0 395
2340 5 0 395
2400 5 0 395
2460 5 0 395
2520 5 0 395
2580 5 0 395
2640 5 0 395
2700 5 0 395
2760 5 0 395
2820 5 0 395
2880 5 0 395
2940 5 0 395
3000 5 0 395
3060 5 0 395
3120 5 0 395
3180 5 0 395
3240 5 0 395
3300 5 0 395
3360 5 0 395
3420 5 0 395
3480 5 0 395
3540 5 0 395
3600 5 0 395
3660 5 0 395
3720 5 0 395
3780 5 0 395
3840 5 0 395
3900 5 0 395
3960 5 0 395
4020 5 0 395
4080 5 0 395
4140 5 0 395
4200 5 0 395
4260 5 0 395
4320 5 0 395
4380 5 0 395
4440 5 0 395
4500 5 0 395
4560 5 0 395
4620 5 0 395
4680 5 0 395
4740 5 0 395
4800 5 0 395
4860 5 0 395
4920 5 0 395
4980 5 0 395
5040 5 0 395
5100 5 0 395
5160 5 0 395
5220 5 0 395
5280 5 0 395
5340 5 0 395
5400 5 0 395
5460 5 0 395
5520 5 0 395
5580 5 0 395
5640 5 0 395
5700 5 0 395
5760 5 0 395
5820 5 0 395
5880 5 0 395
5940 5 0 395
6000 5 0 395
6060 5 0 395
6120 5 0 395
6180 5 0 395
6240 5 0 395
6300 5 0 395
6360 5 0 395
6420 5 0 395
6480 5 0 395
6540 5 0 395
6600 5 0 395
6660 5 0 395
6720 5 0 395
6780 5 0 395
6840 5 0 395
6900 5 0 395
6960 5 0 395
7020 5 0 395
7080 5 0 395
7140 5 0 395
7200 5 0 395
7260 5 0 395
7320 5 0 395
7380 5 0 395
7440 5 0 395
7500 5 0 395
7560 5 0 395
7620 5 0 395
7680 5 0 395
7740 5 0 395
7800 5 0 395
7860 5 0 395
7920 5 0 395
7980 5 0 395
8040 5 0 395
8100 5 0 395
8160 5 0 395
8220 5 0 395
8280 5 0 395
8340 5 0 395
8400 5 0 395
8460 5 0 395
8520 5 0 395
8580 5 0 395
8640 5 0 395
8700 5 0 395
8760 5 0 395
8820 5 0 395
8880 5 0 395
8940 5 0 395
9000 5 0 395
9060 5 0 395
9120 5 0 395
9180 5 0 395
9240 5 0 395
9300 5 0 395
9360 5 0 395
9420 5 0 395
9480 5 0 395
9540 5 0 395
9600 5 0 395
9660 5 0 395
9720 5 0 395
9780 5 0 395
9840 5 0 395
9900 5 0 395
9960 5 0 395
10020 5 0 395
10080 5 0 395
10140 5 0 395
10200 5 0 395
10260 5 0 395
10320 5 0 395
10380 5 0 395
10440 5 0 395
10500 5 0 395
10560 5 0 395
10620 5 0 395
10680 5 0 395
10740 5 0 395
10800 5 0 395
10860 5 0 395
10920 5 0 395
10980 5 0 395
11040 5 0 395
11100 5 0 395
11160 5 0 395
11220 5 0 395
11280 5 0 395
11340 5 0 395
11400 5 0 395
11460 5 0 395
11520 5 0 395
11580 5 0 395
60 0 0 0
120 0 0 0
180 3 0 9
240 5 0 59
300 7 0 112
360 7 0 162
420 8 0 215
480 8 0 274
540 8 0 325
600 8 0 372
660 8 0 392
720 8 0 392
780 8 0 392
840 8 0 392
900 8 0 392
960 8 0 392
1020 8 0 392
1080 8 0 392
1140 8 0 392
1200 8 0 392
1260 8 0 392
1320 8 0 392
1380 8 0 392
1440 8 0 392
1500 8 0 392
1560 8 0 392
1620 8 0 392
1680 8 0 392
1740 8 0 392
1800 8 0 392
1860 8 0 392
1920 8 0 392
1980 8 0 392
2040 8 0 392
2100 8 0 392
2160 8 0 392
2220 8 0 392
2280 8 0 392
2340 8 0 392
2400 8 0 392
2460 8 0 392
2520 8 0 392
2580 8 0 392
2640 8 0 392
2700 8 0 392
2760 8 0 392
2820 8 0 392
2880 8 0 392
2940 8 0 392
3000 8 0 392
3060 8 0 392
3120 8 0 392
3180 8 0 392
3240 8 0 392
3300 8 0 392
3360 8 0 392
3420 8 0 392
3480 8 0 392
3540 8 0 392
3600 8 0 392
3660 8 0 392
3720 8 0 392
3780 8 0 392
3840 8 0 392
3900 8 0 392
3960 8 0 392
4020 8 0 392
4080 8 0 392
4140 8 0 392
4200 8 0 392
4260 8 0 392
4320 8 0 392
4380 8 0 392
4440 8 0 392
4500 8 0 392
4560 8 0 392
4620 8 0 392
4680 8 0 392
4740 8 0 392
4800 8 0 392
4860 8 0 392
4920 8 0 392
4980 8 0 392
5040 8 0 392
5100 8 0 392
5160 8 0 392
5220 8 0 392
5280 8 0 392
5340 8 0 392
5400 8 0 392
5460 8 0 392
5520 8 0 392
5580 8 0 392
5640 8 0 392
5700 8 0 392
5760 8 0 392
5820 8 0 392
5880 8 0 392
5940 8 0 392
6000 8 0 392
6060 8 0 392
6120 8 0 392
6180 8 0 392
6240 8 0 392
6300 8 0 392
6360 8 0 392
6420 8 0 392
6480 8 0 392
6540 8 0 392
6600 8 0 392
6660 8 0 392
6720 8 0 392
6780 8 0 392
6840 8 0 392
6900 8 0 392
6960 8 0 392
7020 8 0 392
7080 8 0 392
7140 8 0 392
7200 8 0 392
7260 8 0 392
7320 8 0 392
7380 8 0 392
7440 8 0 392
7500 8 0 392
7560 8 0 392
7620 8 0 392
7680 8 0 392
7740 8 0 392
7800 8 0 392
7860 8 0 392
7920 8 0 392
7980 8 0 392
8040 8 0 392
8100 8 0 392
8160 8 0 392
8220 8 0 392
8280 8 0 392
8340 8 0 392
8400 8 0 392
8460 8 0 392
8520 8 0 392
8580 8 0 392
8640 8 0 392
8700 8 0 392
8760 8 0 392
8820 8 0 392
8880 8 0 392
8940 8 0 392
9000 8 0 392
9060 8 0 392
9120 8 0 392
9180 8 0 392
9240 8 0 392
9300 8 0 392
9360 8 0 392
9420 8 0 392
9480 8 0 392
9540 8 0 392
9600 8 0 392
9660 8 0 392
9720 8 0 392
9780 8 0 392
9840 8 0 392
9900 8 0 392
9960 8 0 392
10020 8 0 392
10080 8 0 392
10140 8 0 392
10200 8 0 392
10260 8 0 392
10320 8 0 392
10380 8 0 392
10440 8 0 392
10500 8 0 392
10560 8 0 392
10620 8 0 392
10680 8 0 392
10740 8 0 392
10800 8 0 392
10860 8 0 392
10920 8 0 392
10980 8 0 392
11040 8 0 392
11100 8 0 392
60 0 0 0
120 1 0 0
180 2 0 5
240 2 0 45
300 2 0 97
360 2 0 158
420 4 0 217
480 4 0 272
540 4 0 325
600 4 0 371
660 4 0 394
720 4 0 396
780 4 0 396
840 4 0 396
900 4 0 396
960 4 0 396
1020 4 0 396
1080 4 0 396
1140 4 0 396
1200 4 0 396
1260 4 0 396
1320 4 0 396
1380 4 0 396
1440 4 0 396
1500 4 0 396
1560 4 0 396
1620 4 0 396
1680 4 0 396
1740 4 0 396
1800 4 0 396
1860 4 0 396
1920 4 0 396
1980 4 0 396
2040 4 0 396
2100 4 0 396
2160 4 0 396
2220 4 0 396
2280 4 0 396
2340 4 0 396
2400 4 0 396
2460 4 0 396
2520 4 0 396
2580 4 0 396
2640 4 0 396
2700 4 0 396
2760 4 0 396
2820 4 0 396
2880 4 0 396
2940 4 0 396
3000 4 0 396
3060 4 0 396
3120 4 0 396
3180 4 0 396
60 2 0 0
120 4 0 0
180 4 0 5
240 4 0 56
300 4 0 106
360 5 0 162
420 5 0 213
480 5 0 269
540 5 0 319
600 5 0 371
660 5 0 395
720 5 0 395
780 5 0 395
840 5 0 395
900 5 0 395
960 5 0 395
1020 5 0 395
1080 5 0 395
1140 5 0 395
1200 5 0 395
1260 5 0 395
1320 5 0 395
1380 5 0 395
1440 5 0 395
1500 5 0 395
1560 5 0 395
1620 5 0 395
1680 5 0 395
1740 5 0 395
1800 5 0 395
1860 5 0 395
1920 5 0 395
1980 5 0 395
2040 5 0 395
2100 5 0 395
2160 5 0 395
2220 5 0 395
2280 5 0 395
2340 5 0 395
2400 5 0 395
2460 5 0 395
2520 5 0 395
2580 5 0 395
2640 5 0 395
2700 5 0 395
2760 5 0 395
2820 5 0 395
2880 5 0 395
2940 5 0 395
3000 5 0 395
3060 5 0 395
3120 5 0 395
3180 5 0 395
3240 5 0 395
3300 5 0 395
3360 5 0 395
3420 5 0 395
3480 5 0 395
3540 5 0 395
3600 5 0 395
3660 5 0 395
3720 5 0 395
3780 5 0 395
3840 5 0 395
3900 5 0 395
3960 5 0 395
4020 5 0 395
4080 5 0 395
4140 5 0 395
4200 5 0 395
4260 5 0 395
4320 5 0 395
4380 5 0 395
4440 5 0 395
4500 5 0 395
4560 5 0 395
4620 5 0 395
4680 5 0 395
4740 5 0 395
4800 5 0 395
4860 5 0 395
4920 5 0 395
4980 5 0 395
5040 5 0 395
60 4 0 0
120 9 0 0
180 11 0 0
60 4 0 0
120 9 0 0
180 10 0 0
240 11 0 0
60 9 0 0
60 5 0 0
120 11 0 0
180 14 0 0
240 15 0 0
300 16 0 0
60 2 0 0
120 4 0 0
180 9 0 0
240 12 0 0
300 12 0 0
360 13 0 0
420 15 0 0
480 15 0 0
540 15 0 0
60 2 0 0
120 8 0 0
180 10 0 0
240 10 0 0
300 14 0 0
360 14 0 0
420 14 0 0
480 16 0 0
540 18 0 0
600 19 0 0
660 19 0 0
60 7 0 38
120 7 0 74
60 9 0 0
60 9 0 0
120 11 0 10
180 13 0 36
240 15 0 67
300 17 0 94
360 19 0 126
420 19 0 152
480 21 0 180
540 23 0 209
600 23 0 232
660 23 0 262
720 23 0 283
780 23 0 313
840 23 0 335
900 23 0 364
960 23 0 377
1020 23 0 377
1080 23 0 377
1140 23 0 377
1200 23 0 377
1260 23 0 377
1320 23 0 377
1380 23 0 377
1440 23 0 377
1500 23 0 377
1560 23 0 377
1620 23 0 377
1680 23 0 377
1740 23 0 377
1800 23 0 377
1860 23 0 377
1920 23 0 377
1980 23 0 377
2040 23 0 377
2100 23 0 377
2160 23 0 377
2220 23 0 377
2280 23 0 377
2340 23 0 377
2400 23 0 377
2460 23 0 377
2520 23 0 377
2580 23 0 377
2640 23 0 377
2700 23 0 377
2760 23 0 377
2820 23 0 377
2880 23 0 377
2940 23 0 377
3000 23 0 377
3060 23 0 377
3120 23 0 377
3180 23 0 377
3240 23 0 377
3300 23 0 377
3360 23 0 377
3420 23 0 377
3480 23 0 377
3540 23 0 377
3600 23 0 377
3660 23 0 377
3720 23 0 377
3780 23 0 377
3840 23 0 377
3900 23 0 377
3960 23 0 377
4020 23 0 377
4080 23 0 377
4140 23 0 377
4200 23 0 377
4260 23 0 377
4320 23 0 377
4380 23 0 377
4440 23 0 377
4500 23 0 377
4560 23 0 377
4620 23 0 377
4680 23 0 377
4740 23 0 377
4800 23 0 377
4860 23 0 377
4920 23 0 377
4980 23 0 377
5040 23 0 377
5100 23 0 377
5160 23 0 377
5220 23 0 377
5280 23 0 377
5340 23 0 377
5400 23 0 377
5460 23 0 377
5520 23 0 377
5580 23 0 377
5640 23 0 377
5700 23 0 377
5760 23 0 377
5820 23 0 377
5880 23 0 377
5940 23 0 377
6000 23 0 377
6060 23 0 377
6120 23 0 377
6180 23 0 377
6240 23 0 377
6300 23 0 377
6360 23 0 377
6420 23 0 377
6480 23 0 377
6540 23 0 377
6600 23 0 377
6660 23 0 377
6720 23 0 377
6780 23 0 377
6840 23 0 377
6900 23 0 377
6960 23 0 377
7020 23 0 377
7080 23 0 377
7140 23 0 377
7200 23 0 377
7260 23 0 377
7320 23 0 377
7380 23 0 377
7440 23 0 377
7500 23 0 377
7560 23 0 377
7620 23 0 377
7680 23 0 377
7740 23 0 377
7800 23 0 377
7860 23 0 377
7920 23 0 377
7980 23 0 377
8040 23 0 377
8100 23 0 377
8160 23 0 377
8220 23 0 377
8280 23 0 377
8340 23 0 377
8400 23 0 377
8460 23 0 377
8520 23 0 377
8580 23 0 377
8640 23 0 377
8700 23 0 377
8760 23 0 377
8820 23 0 377
8880 23 0 377
8940 23 0 377
9000 23 0 377
9060 23 0 377
9120 23 0 377
9180 23 0 377
9240 23 0 377
9300 23 0 377
9360 23 0 377
9420 23 0 377
9480 23 0 377
9540 23 0 377
9600 23 0 377
9660 23 0 377
9720 23 0 377
9780 23 0 377
9840 23 0 377
9900 23 0 377
9960 23 0 377
10020 23 0 377
10080 23 0 377
10140 23 0 377
10200 23 0 377
10260 23 0 377
10320 23 0 377
10380 23 0 377
10440 23 0 377
10500 23 0 377
10560 23 0 377
10620 23 0 377
10680 23 0 377
10740 23 0 377
10800 23 0 377
10860 23 0 377
10920 23 0 377
10980 23 0 377
11040 23 0 377
11100 23 0 377
11160 23 0 377
11220 23 0 377
11280 23 0 377
11340 23 0 377
11400 23 0 377
11460 23 0 377
11520 23 0 377
11580 23 0 377
11640 23 0 377
11700 23 0 377
11760 23 0 377
11820 23 0 377
11880 23 0 377
11940 23 0 377
12000 23 0 377
12060 23 0 377
12120 23 0 377
12180 23 0 377
12240 23 0 377
12300 23 0 377
12360 23 0 377
12420 23 0 377
12480 23 0 377
12540 23 0 377
12600 23 0 377
12660 23 0 377
12720 23 0 377
12780 23 0 377
12840 23 0 377
12900 23 0 377
12960 23 0 377
13020 23 0 377
13080 23 0 377
13140 23 0 377
13200 23 0 377
13260 23 0 377
13320 23 0 377
13380 23 0 377
13440 23 0 377
13500 23 0 377
13560 23 0 377
13620 23 0 377
13680 23 0 377
13740 23 0 377
13800 23 0 377
13860 23 0 377
13920 23 0 377
13980 23 0 377
14040 23 0 377
14100 23 0 377
60 0 0 35
120 0 0 81
180 0 0 124
240 1 0 169
300 1 0 215
360 1 0 261
420 1 0 305
480 1 0 353
540 1 0 389
600 1 0 399
660 1 0 399
720 1 0 399
780 1 0 399
840 1 0 399
900 1 0 399
960 1 0 399
1020 1 0 399
1080 1 0 399
1140 1 0 399
1200 1 0 399
1260 1 0 399
1320 1 0 399
1380 1 0 399
1440 1 0 399
1500 1 0 399
1560 1 0 399
1620 1 0 399
1680 1 0 399
1740 1 0 399
1800 1 0 399
1860 1 0 399
1920 1 0 399
1980 1 0 399
2040 1 0 399
2100 1 0 399
2160 1 0 399
2220 1 0 399
2280 1 0 399
2340 1 0 399
2400 1 0 399
2460 1 0 399
2520 1 0 399
2580 1 0 399
2640 1 0 399
2700 1 0 399
2760 1 0 399
2820 1 0 399
2880 1 0 399
2940 1 0 399
3000 1 0 399
3060 1 0 399
3120 1 0 399
3180 1 0 399
3240 1 0 399
3300 1 0 399
3360 1 0 399
3420 1 0 399
3480 1 0 399
3540 1 0 399
3600 1 0 399
3660 1 0 399
3720 1 0 399
3780 1 0 399
3840 1 0 399
3900 1 0 399
3960 1 0 399
4020 1 0 399
4080 1 0 399
4140 1 0 399
4200 1 0 399
4260 1 0 399
4320 1 0 399
4380 1 0 399
4440 1 0 399
4500 1 0 399
4560 1 0 399
4620 1 0 399
4680 1 0 399
4740 1 0 399
4800 1 0 399
4860 1 0 399
4920 1 0 399
4980 1 0 399
5040 1 0 399
5100 1 0 399
5160 1 0 399
5220 1 0 399
5280 1 0 399
5340 1 0 399
5400 1 0 399
5460 1 0 399
5520 1 0 399
5580 1 0 399
5640 1 0 399
5700 1 0 399
5760 1 0 399
5820 1 0 399
5880 1 0 399
5940 1 0 399
6000 1 0 399
6060 1 0 399
6120 1 0 399
6180 1 0 399
6240 1 0 399
6300 1 0 399
6360 1 0 399
6420 1 0 399
6480 1 0 399
6540 1 0 399
6600 1 0 399
6660 1 0 399
6720 1 0 399
6780 1 0 399
6840 1 0 399
6900 1 0 399
6960 1 0 399
7020 1 0 399
7080 1 0 399
7140 1 0 399
7200 1 0 399
7260 1 0 399
7320 1 0 399
7380 1 0 399
7440 1 0 399
7500 1 0 399
7560 1 0 399
7620 1 0 399
7680 1 0 399
7740 1 0 399
7800 1 0 399
7860 1 0 399
7920 1 0 399
7980 1 0 399
8040 1 0 399
8100 1 0 399
8160 1 0 399
8220 1 0 399
8280 1 0 399
8340 1 0 399
8400 1 0 399
8460 1 0 399
8520 1 0 399
8580 1 0 399
8640 1 0 399
8700 1 0 399
8760 1 0 399
8820 1 0 399
8880 1 0 399
8940 1 0 399
9000 1 0 399
9060 1 0 399
9120 1 0 399
9180 1 0 399
9240 1 0 399
9300 1 0 399
9360 1 0 399
9420 1 0 399
9480 1 0 399
9540 1 0 399
9600 1 0 399
9660 1 0 399
9720 1 0 399
9780 1 0 399
9840 1 0 399
9900 1 0 399
9960 1 0 399
10020 1 0 399
10080 1 0 399
10140 1 0 399
10200 1 0 399
10260 1 0 399
10320 1 0 399
10380 1 0 399
10440 1 0 399
10500 1 0 399
10560 1 0 399
10620 1 0 399
10680 1 0 399
10740 1 0 399
10800 1 0 399
10860 1 0 399
10920 1 0 399
10980 1 0 399
11040 1 0 399
11100 1 0 399
11160 1 0 399
11220 1 0 399
11280 1 0 399
11340 1 0 399
11400 1 0 399
11460 1 0 399
11520 1 0 399
11580 1 0 399
11640 1 0 399
11700 1 0 399
11760 1 0 399
11820 1 0 399
11880 1 0 399
11940 1 0 399
12000 1 0 399
12060 1 0 399
12120 1 0 399
12180 1 0 399
12240 1 0 399
12300 1 0 399
12360 1 0 399
12420 1 0 399
12480 1 0 399
12540 1 0 399
12600 1 0 399
12660 1 0 399
12720 1 0 399
12780 1 0 399
12840 1 0 399
12900 1 0 399
12960 1 0 399
13020 1 0 399
13080 1 0 399
13140 1 0 399
13200 1 0 399
13260 1 0 399
13320 1 0 399
13380 1 0 399
13440 1 0 399
13500 1 0 399
13560 1 0 399
13620 1 0 399
13680 1 0 399
13740 1 0 399
13800 1 0 399
13860 1 0 399
13920 1 0 399
13980 1 0 399
14040 1 0 399
14100 1 0 399
14160 1 0 399
14220 1 0 399
14280 1 0 399
14340 1 0 399
14400 1 0 399
14460 1 0 399
14520 1 0 399
14580 1 0 399
14640 1 0 399
14700 1 0 399
14760 1 0 399
14820 1 0 399
14880 1 0 399
14940 1 0 399
15000 1 0 399
15060 1 0 399
15120 1 0 399
15180 1 0 399
15240 1 0 399
15300 1 0 399
15360 1 0 399
15420 1 0 399
15480 1 0 399
15540 1 0 399
15600 1 0 399
15660 1 0 399
15720 1 0 399
15780 1 0 399
15840 1 0 399
15900 1 0 399
15960 1 0 399
16020 1 0 399
16080 1 0 399
16140 1 0 399
16200 1 0 399
16260 1 0 399
16320 1 0 399
16380 1 0 399
16440 1 0 399
16500 1 0 399
16560 1 0 399
16620 1 0 399
16680 1 0 399
16740 1 0 399
16800 1 0 399
16860 1 0 399
16920 1 0 399
16980 1 0 399
17040 1 0 399
17100 1 0 399
17160 1 0 399
17220 1 0 399
17280 1 0 399
17340 1 0 399
17400 1 0 399
17460 1 0 399
17520 1 0 399
17580 1 0 399
17640 1 0 399
17700 1 0 399
17760 1 0 399
17820 1 0 399
17880 1 0 399
17940 1 0 399
18000 1 0 399
18060 1 0 399
18120 1 0 399
18180 1 0 399
18240 1 0 399
18300 1 0 399
18360 1 0 399
18420 1 0 399
18480 1 0 399
18540 1 0 399
18600 1 0 399
18660 1 0 399
18720 1 0 399
18780 1 0 399
18840 1 0 399
18900 1 0 399
18960 1 0 399
19020 1 0 399
19080 1 0 399
19140 1 0 399
19200 1 0 399
19260 1 0 399
19320 1 0 399
19380 1 0 399
19440 1 0 399
19500 1 0 399
19560 1 0 399
19620 1 0 399
19680 1 0 399
19740 1 0 399
19800 1 0 399
19860 1 0 399
19920 1 0 399
19980 1 0 399
20040 1 0 399
20100 1 0 399
20160 1 0 399
20220 1 0 399
20280 1 0 399
20340 1 0 399
20400 1 0 399
20460 1 0 399
20520 1 0 399
20580 1 0 399
20640 1 0 399
20700 1 0 399
20760 1 0 399
20820 1 0 399
20880 1 0 399
20940 1 0 399
21000 1 0 399
21060 1 0 399
21120 1 0 399
21180 1 0 399
21240 1 0 399
21300 1 0 399
21360 1 0 399
21420 1 0 399
21480 1 0 399
21540 1 0 399
21600 1 0 399
21660 1 0 399
21720 1 0 399
21780 1 0 399
21840 1 0 399
21900 1 0 399
21960 1 0 399
22020 1 0 399
22080 1 0 399
22140 1 0 399
22200 1 0 399
22260 1 0 399
22320 1 0 399
22380 1 0 399
22440 1 0 399
22500 1 0 399
22560 1 0 399
22620 1 0 399
22680 1 0 399
22740 1 0 399
22800 1 0 399
22860 1 0 399
22920 1 0 399
22980 1 0 399
23040 1 0 399
23100 1 0 399
23160 1 0 399
23220 1 0 399
23280 1 0 399
23340 1 0 399
23400 1 0 399
23460 1 0 399
23520 1 0 399
23580 1 0 399
23640 1 0 399
23700 1 0 399
23760 1 0 399
23820 1 0 399
23880 1 0 399
23940 1 0 399
24000 1 0 399
24060 1 0 399
24120 1 0 399
24180 1 0 399
24240 1 0 399
24300 1 0 399
24360 1 0 399
24420 1 0 399
24480 1 0 399
24540 1 0 399
24600 1 0 399
24660 1 0 399
24720 1 0 399
24780 1 0 399
24840 1 0 399
24900 1 0 399
24960 1 0 399
25020 1 0 399
25080 1 0 399
25140 1 0 399
25200 1 0 399
25260 1 0 399
25320 1 0 399
25380 1 0 399
25440 1 0 399
25500 1 0 399
25560 1 0 399
25620 1 0 399
25680 1 0 399
25740 1 0 399
25800 1 0 399
25860 1 0 399
25920 1 0 399
25980 1 0 399
26040 1 0 399
26100 1 0 399
26160 1 0 399
26220 1 0 399
26280 1 0 399
26340 1 0 399
26400 1 0 399
26460 1 0 399
26520 1 0 399
26580 1 0 399
26640 1 0 399
26700 1 0 399
26760 1 0 399
26820 1 0 399
26880 1 0 399
26940 1 0 399
27000 1 0 399
27060 1 0 399
27120 1 0 399
27180 1 0 399
27240 1 0 399
27300 1 0 399
27360 1 0 399
27420 1 0 399
27480 1 0 399
27540 1 0 399
27600 1 0 399
27660 1 0 399
27720 1 0 399
27780 1 0 399
27840 1 0 399
27900 1 0 399
27960 1 0 399
28020 1 0 399
28080 1 0 399
28140 1 0 399
28200 1 0 399
28260 1 0 399
28320 1 0 399
28380 1 0 399
28440 1 0 399
28500 1 0 399
28560 1 0 399
28620 1 0 399
28680 1 0 399
28740 1 0 399
28800 1 0 399
28860 1 0 399
28920 1 0 399
28980 1 0 399
29040 1 0 399
29100 1 0 399
29160 1 0 399
29220 1 0 399
29280 1 0 399
29340 1 0 399
29400 1 0 399
29460 1 0 399
29520 1 0 399
29580 1 0 399
29640 1 0 399
29700 1 0 399
29760 1 0 399
29820 1 0 399
29880 1 0 399
29940 1 0 399
30000 1 0 399
30060 1 0 399
30120 1 0 399
30180 1 0 399
30240 1 0 399
30300 1 0 399
30360 1 0 399
30420 1 0 399
30480 1 0 399
30540 1 0 399
30600 1 0 399
30660 1 0 399
30720 1 0 399
30780 1 0 399
30840 1 0 399
30900 1 0 399
30960 1 0 399
31020 1 0 399
31080 1 0 399
31140 1 0 399
31200 1 0 399
31260 1 0 399
31320 1 0 399
31380 1 0 399
31440 1 0 399
31500 1 0 399
31560 1 0 399
31620 1 0 399
31680 1 0 399
31740 1 0 399
31800 1 0 399
31860 1 0 399
31920 1 0 399
31980 1 0 399
32040 1 0 399
32100 1 0 399
32160 1 0 399
32220 1 0 399
32280 1 0 399
32340 1 0 399
32400 1 0 399
32460 1 0 399
32520 1 0 399
32580 1 0 399
32640 1 0 399
32700 1 0 399
32760 1 0 399
32820 1 0 399
32880 1 0 399
32940 1 0 399
33000 1 0 399
33060 1 0 399
33120 1 0 399
33180 1 0 399
33240 1 0 399
33300 1 0 399
33360 1 0 399
33420 1 0 399
33480 1 0 399
33540 1 0 399
33600 1 0 399
33660 1 0 399
33720 1 0 399
60 1 0 42
60 1 0 34
60 1 5 43
120 2 11 75
180 3 16 121
240 4 23 167
300 4 33 212
360 10 42 254
420 12 50 290
480 19 58 315
540 19 58 318
600 19 58 318
660 19 58 323
720 19 58 323
780 19 58 323
840 19 58 323
900 19 58 323
960 19 58 323
1020 19 58 323
1080 19 58 323
1140 19 58 323
1200 19 58 323
1260 19 58 323
1320 19 58 323
1380 19 58 323
1440 19 58 323
1500 19 58 323
1560 19 58 323
1620 19 58 323
1680 19 58 323
1740 19 58 323
1800 19 58 323
1860 19 58 323
1920 19 58 323
1980 19 58 323
2040 19 58 323
2100 19 58 323
2160 19 58 323
2220 19 58 323
2280 19 58 323
2340 19 58 323
2400 19 58 323
2460 19 58 323
2520 19 58 323
2580 19 58 323
2640 19 58 323
2700 19 58 323
2760 19 58 323
2820 19 58 323
2880 19 58 323
2940 19 58 323
3000 19 58 323
3060 19 58 323
3120 19 58 323
3180 19 58 323
3240 19 58 323
3300 19 58 323
3360 19 58 323
3420 19 58 323
3480 19 58 323
3540 19 58 323
3600 19 58 323
3660 19 58 323
3720 19 58 323
3780 19 58 323
3840 19 58 323
3900 19 58 323
3960 19 58 323
4020 19 58 323
4080 19 58 323
4140 19 58 323
4200 19 58 323
4260 19 58 323
4320 19 58 323
4380 19 58 323
4440 19 58 323
4500 19 58 323
4560 19 58 323
4620 19 58 323
4680 19 58 323
4740 19 58 323
4800 19 58 323
4860 19 58 323
4920 19 58 323
4980 19 58 323
5040 19 58 323
5100 19 58 323
5160 19 58 323
5220 19 58 323
5280 19 58 323
5340 19 58 323
5400 19 58 323
5460 19 58 323
5520 19 58 323
5580 19 58 323
5640 19 58 323
5700 19 58 323
5760 19 58 323
5820 19 58 323
5880 19 58 323
5940 19 58 323
6000 19 58 323
6060 19 58 323
6120 19 58 323
6180 19 58 323
6240 19 58 323
6300 19 58 323
6360 19 58 323
6420 19 58 323
6480 19 58 323
6540 19 58 323
6600 19 58 323
6660 19 58 323
6720 19 58 323
6780 19 58 323
6840 19 58 323
6900 19 58 323
6960 19 58 323
7020 19 58 323
7080 19 58 323
7140 19 58 323
7200 19 58 323
7260 19 58 323
7320 19 58 323
7380 19 58 323
7440 19 58 323
7500 19 58 323
7560 19 58 323
7620 19 58 323
7680 19 58 323
7740 19 58 323
7800 19 58 323
7860 19 58 323
7920 19 58 323
7980 19 58 323
8040 19 58 323
8100 19 58 323
8160 19 58 323
8220 19 58 323
8280 19 58 323
8340 19 58 323
8400 19 58 323
8460 19 58 323
8520 19 58 323
8580 19 58 323
8640 19 58 323
8700 19 58 323
8760 19 58 323
8820 19 58 323
8880 19 58 323
8940 19 58 323
9000 19 58 323
9060 19 58 323
9120 19 58 323
9180 19 58 323
9240 19 58 323
9300 19 58 323
9360 19 58 323
9420 19 58 323
9480 19 58 323
9540 19 58 323
9600 19 58 323
9660 19 58 323
9720 19 58 323
9780 19 58 323
9840 19 58 323
9900 19 58 323
9960 19 58 323
10020 19 58 323
10080 19 58 323
10140 19 58 323
10200 19 58 323
10260 19 58 323
10320 19 58 323
10380 19 58 323
10440 19 58 323
10500 19 58 323
10560 19 58 323
10620 19 58 323
10680 19 58 323
10740 19 58 323
10800 19 58 323
10860 19 58 323
10920 19 58 323
10980 19 58 323
11040 19 58 323
11100 19 58 323
11160 19 58 323
11220 19 58 323
11280 19 58 323
11340 19 58 323
11400 19 58 323
11460 19 58 323
11520 19 58 323
11580 19 58 323
11640 19 58 323
11700 19 58 323
11760 19 58 323
11820 19 58 323
11880 19 58 323
11940 19 58 323
60 0 0 0
120 0 0 0
60 0 0 0
60 0 0 5
120 0 0 16
180 0 0 17
60 1 2 34
