3 6 0 300 0 0 0 148 2 150
3 6 0 300 0 0 0 111 4 185
3 6 0 300 0 0 0 166 2 132
3 6 0 300 0 0 0 106 5 189
3 6 0 300 0 0 0 64 0 236
3 6 0 300 0 0 0 69 5 226
3 6 0 300 0 0 0 89 5 206
3 6 0 300 0 0 0 149 9 142
3 6 0.2 300 19 5 35 58 2 181
3 6 0.2 300 46 6 8 73 0 167
3 6 0.2 300 28 1 31 37 0 203
3 6 0.2 300 22 5 33 42 2 196
3 6 0.2 300 19 7 34 49 0 191
3 6 0.2 300 7 2 51 27 0 213
3 6 0.2 300 13 3 44 53 0 187
3 6 0.2 300 4 1 54 19 2 220
3 6 0.4 300 9 4 106 10 0 171
3 6 0.4 300 4 1 115 7 3 170
3 6 0.4 300 5 1 114 7 0 173
3 6 0.4 300 5 0 115 9 0 171
3 6 0.4 300 46 12 62 34 1 145
3 6 0.4 300 5 1 113 8 0 173
3 6 0.4 300 10 8 102 11 1 168
3 6 0.4 300 29 7 84 16 0 164
3 6 0.6 300 1 6 173 1 0 119
3 6 0.6 300 22 6 151 4 0 117
3 6 0.6 300 21 3 156 10 0 110
3 6 0.6 300 17 1 162 1 0 119
3 6 0.6 300 8 7 165 3 6 111
3 6 0.6 300 12 1 167 1 0 119
3 6 0.6 300 10 1 169 7 0 113
3 6 0.6 300 74 7 99 7 0 113
3 6 0.8 300 25 7 208 2 1 57
3 6 0.8 300 26 16 198 2 0 58
3 6 0.8 300 31 24 185 2 0 58
3 6 0.8 300 9 3 228 0 1 59
3 6 0.8 300 18 1 221 2 0 58
3 6 0.8 300 15 5 220 0 0 60
3 6 0.8 300 13 3 222 1 0 61
3 6 0.8 300 13 4 223 1 1 58
3 6 1 300 28 3 269 0 0 0
3 6 1 300 28 3 269 0 0 0
3 6 1 300 60 7 233 0 0 0
3 6 1 300 23 2 275 0 0 0
3 6 1 300 21 0 279 0 0 0
3 6 1 300 53 9 238 0 0 0
3 6 1 300 46 16 238 0 0 0
3 6 1 300 16 3 281 0 0 0
