3 6 0 300 0 0 0 70 2 228
3 6 0 300 0 0 0 45 9 246
3 6 0 300 0 0 0 82 5 213
3 6 0 300 0 0 0 75 12 213
3 6 0 300 0 0 0 96 0 204
3 6 0 300 0 0 0 113 10 177
3 6 0 300 0 0 0 29 5 266
3 6 0 300 0 0 0 26 11 263
3 6 0.2 300 24 7 29 57 4 179
3 6 0.2 300 1 5 54 11 1 228
3 6 0.2 300 2 4 53 12 3 226
3 6 0.2 300 23 5 32 48 1 191
3 6 0.2 300 23 12 25 57 5 178
3 6 0.2 300 3 9 48 24 4 212
3 6 0.2 300 15 10 35 23 3 214
3 6 0.2 300 5 5 50 8 4 228
3 6 0.4 300 41 12 67 22 2 156
3 6 0.4 300 10 3 106 4 1 176
3 6 0.4 300 31 21 68 30 3 147
3 6 0.4 300 48 12 60 8 3 169
3 6 0.4 300 11 8 101 9 3 168
3 6 0.4 300 5 23 92 11 8 161
3 6 0.4 300 15 13 92 10 0 170
3 6 0.4 300 7 4 108 13 0 168
3 6 0.6 300 16 11 153 5 2 113
3 6 0.6 300 12 14 154 2 1 117
3 6 0.6 300 5 13 161 4 1 116
3 6 0.6 300 4 10 166 0 0 120
3 6 0.6 300 20 22 136 5 1 116
3 6 0.6 300 0 4 176 5 0 115
3 6 0.6 300 12 17 149 2 1 119
3 6 0.6 300 3 11 166 3 2 115
3 6 0.8 300 16 18 206 3 0 57
3 6 0.8 300 13 17 210 2 2 56
3 6 0.8 300 39 24 177 5 0 55
3 6 0.8 300 17 22 201 1 0 59
3 6 0.8 300 6 12 222 0 0 60
3 6 0.8 300 4 13 223 0 0 60
3 6 0.8 300 14 25 201 2 1 57
3 6 0.8 300 8 16 216 0 1 59
3 6 1 300 10 24 266 0 0 0
3 6 1 300 19 23 258 0 0 0
3 6 1 300 11 13 276 0 0 0
3 6 1 300 15 24 261 0 0 0
3 6 1 300 25 18 257 0 0 0
3 6 1 300 9 21 270 0 0 0
3 6 1 300 13 19 268 0 0 0
3 6 1 300 55 40 205 0 0 0
