3 6 0 300 0 0 0 257 4 39
3 6 0 300 0 0 0 224 1 75
3 6 0 300 0 0 0 239 3 58
3 6 0 300 0 0 0 244 13 43
3 6 0 300 0 0 0 203 14 83
3 6 0 300 0 0 0 248 4 48
3 6 0 300 0 0 0 212 10 78
3 6 0 300 0 0 0 265 6 29
3 6 0 300 0 0 0 245 7 48
3 6 0 300 0 0 0 232 6 62
3 6 0.2 300 43 16 1 175 3 62
3 6 0.2 300 48 7 5 176 3 61
3 6 0.2 300 50 5 5 183 0 57
3 6 0.2 300 51 8 1 179 1 60
3 6 0.2 300 50 7 3 136 0 104
3 6 0.2 300 51 6 3 149 0 91
3 6 0.2 300 52 7 1 195 2 43
3 6 0.2 300 53 5 2 167 1 72
3 6 0.2 300 57 0 3 174 0 66
3 6 0.2 300 49 11 0 205 4 31
3 6 0.4 300 106 7 7 131 0 49
3 6 0.4 300 104 11 5 142 0 38
3 6 0.4 300 108 7 5 112 0 68
3 6 0.4 300 96 8 16 69 1 110
3 6 0.4 300 106 8 6 106 0 74
3 6 0.4 300 111 7 2 137 0 43
3 6 0.4 300 105 10 5 130 0 50
3 6 0.4 300 109 7 4 128 0 52
3 6 0.4 300 107 7 6 115 0 65
3 6 0.4 300 108 7 5 125 0 55
3 6 0.6 300 146 12 22 44 0 76
3 6 0.6 300 105 6 68 41 0 80
3 6 0.6 300 67 0 112 33 2 86
3 6 0.6 300 141 9 30 43 0 77
3 6 0.6 300 151 15 14 62 2 56
3 6 0.6 300 140 13 27 53 2 65
3 6 0.6 300 98 8 74 27 1 92
3 6 0.6 300 156 12 12 67 1 52
3 6 0.6 300 158 6 15 75 0 46
3 6 0.6 300 95 13 72 39 0 81
3 6 0.8 300 180 8 52 18 0 42
3 6 0.8 300 198 7 34 22 0 39
3 6 0.8 300 104 6 130 13 0 47
3 6 0.8 300 113 22 104 16 0 45
3 6 0.8 300 201 7 31 22 0 39
3 6 0.8 300 205 11 24 20 0 40
3 6 0.8 300 171 10 59 15 0 45
3 6 0.8 300 126 2 109 12 0 51
3 6 0.8 300 68 6 165 10 0 51
3 6 0.8 300 84 1 155 15 0 45
3 6 1 300 158 5 137 0 0 0
3 6 1 300 168 14 118 0 0 0
3 6 1 300 92 3 205 0 0 0
3 6 1 300 152 10 138 0 0 0
3 6 1 300 188 1 111 0 0 0
3 6 1 300 216 14 70 0 0 0
3 6 1 300 188 25 87 0 0 0
3 6 1 300 174 6 120 0 0 0
3 6 1 300 115 2 183 0 0 0
3 6 1 300 220 17 63 0 0 0
3 6 0 300 0 0 0 263 2 35
3 6 0 300 0 0 0 217 6 77
3 6 0 300 0 0 0 235 16 49
3 6 0 300 0 0 0 236 4 60
3 6 0 300 0 0 0 244 4 52
3 6 0 300 0 0 0 228 6 66
3 6 0 300 0 0 0 230 11 59
3 6 0 300 0 0 0 239 6 55
3 6 0 300 0 0 0 155 6 139
3 6 0 300 0 0 0 236 9 55
3 6 0.2 300 51 7 2 159 4 77
3 6 0.2 300 50 4 6 130 0 110
3 6 0.2 300 45 12 3 204 2 34
3 6 0.2 300 55 0 5 173 0 67
3 6 0.2 300 50 6 3 164 5 72
3 6 0.2 300 58 2 0 197 1 42
3 6 0.2 300 49 8 3 196 4 40
3 6 0.2 300 49 6 5 167 1 72
3 6 0.2 300 53 6 1 191 1 48
3 6 0.2 300 54 4 2 181 2 57
3 6 0.4 300 95 10 15 86 0 94
3 6 0.4 300 101 9 10 105 1 74
3 6 0.4 300 101 11 8 121 0 59
3 6 0.4 300 102 5 13 128 0 52
3 6 0.4 300 78 8 34 83 1 96
3 6 0.4 300 95 12 13 115 0 65
3 6 0.4 300 91 9 20 77 1 102
3 6 0.4 300 81 30 8 110 2 69
3 6 0.4 300 109 6 5 130 1 49
3 6 0.4 300 106 8 6 125 1 54
3 6 0.6 300 79 8 93 31 0 89
3 6 0.6 300 151 14 15 67 0 53
3 6 0.6 300 153 6 21 49 0 71
3 6 0.6 300 154 3 23 31 0 89
3 6 0.6 300 83 7 89 32 0 89
3 6 0.6 300 90 13 76 37 0 84
3 6 0.6 300 133 16 29 42 0 80
3 6 0.6 300 161 12 7 80 0 40
3 6 0.6 300 95 8 77 35 0 85
3 6 0.6 300 142 5 33 59 0 61
3 6 0.8 300 116 8 116 16 0 44
3 6 0.8 300 152 14 74 12 0 48
3 6 0.8 300 158 8 74 11 0 49
3 6 0.8 300 171 16 51 16 0 46
3 6 0.8 300 201 11 27 22 1 38
3 6 0.8 300 194 4 41 12 0 49
3 6 0.8 300 195 10 34 18 0 43
3 6 0.8 300 120 3 117 12 0 48
3 6 0.8 300 90 13 137 14 0 46
3 6 0.8 300 175 3 62 19 0 41
3 6 1 300 196 13 91 0 0 0
3 6 1 300 133 10 157 0 0 0
3 6 1 300 208 19 73 0 0 0
3 6 1 300 151 10 139 0 0 0
3 6 1 300 210 15 75 0 0 0
3 6 1 300 174 33 93 0 0 0
3 6 1 300 137 7 156 0 0 0
3 6 1 300 217 11 72 0 0 0
3 6 1 300 223 12 65 0 0 0
3 6 1 300 196 10 94 0 0 0
