3 6 0 300 0 0 0 191 16 93
3 6 0 300 0 0 0 170 22 108
3 6 0 300 0 0 0 126 20 154
3 6 0 300 0 0 0 145 17 138
3 6 0 300 0 0 0 227 16 57
3 6 0 300 0 0 0 213 20 67
3 6 0 300 0 0 0 220 29 51
3 6 0 300 0 0 0 191 18 91
3 6 0.2 300 34 21 5 134 12 94
3 6 0.2 300 46 11 3 120 19 101
3 6 0.2 300 16 23 20 48 14 179
3 6 0.2 300 38 22 0 114 7 119
3 6 0.2 300 31 18 11 83 14 143
3 6 0.2 300 43 14 3 133 12 95
3 6 0.2 300 40 20 0 129 25 86
3 6 0.2 300 12 15 32 43 17 181
3 6 0.4 300 9 19 91 28 2 151
3 6 0.4 300 55 33 32 28 10 142
3 6 0.4 300 89 26 5 89 9 82
3 6 0.4 300 90 28 2 92 3 85
3 6 0.4 300 86 28 6 88 2 90
3 6 0.4 300 68 42 10 74 17 89
3 6 0.4 300 90 21 9 66 7 107
3 6 0.4 300 34 31 55 28 13 139
3 6 0.6 300 76 21 83 16 2 102
3 6 0.6 300 37 33 110 8 2 110
3 6 0.6 300 58 33 89 16 0 104
3 6 0.6 300 118 52 10 55 11 54
3 6 0.6 300 119 40 21 33 6 81
3 6 0.6 300 105 54 21 42 2 76
3 6 0.6 300 84 49 47 14 6 100
3 6 0.6 300 66 52 62 12 3 105
3 6 0.8 300 31 28 181 2 0 58
3 6 0.8 300 125 47 68 6 2 52
3 6 0.8 300 38 32 170 2 1 57
3 6 0.8 300 68 26 145 7 3 51
3 6 0.8 300 89 47 104 11 0 49
3 6 0.8 300 132 53 55 10 1 49
3 6 0.8 300 87 38 115 6 1 53
3 6 0.8 300 110 51 79 6 2 52
3 6 1 300 75 45 180 0 0 0
3 6 1 300 74 30 196 0 0 0
3 6 1 300 44 57 199 0 0 0
3 6 1 300 149 71 80 0 0 0
3 6 1 300 190 40 70 0 0 0
3 6 1 300 85 47 168 0 0 0
3 6 1 300 88 42 170 0 0 0
3 6 1 300 168 23 109 0 0 0
