3 6 0 300 0 0 0 220 6 74
3 6 0 300 0 0 0 143 15 142
3 6 0 300 0 0 0 218 13 69
3 6 0 300 0 0 0 236 11 53
3 6 0 300 0 0 0 94 12 194
3 6 0 300 0 0 0 105 8 187
3 6 0 300 0 0 0 215 8 77
3 6 0 300 0 0 0 121 14 165
3 6 0.2 300 37 12 11 111 11 118
3 6 0.2 300 20 21 19 98 11 131
3 6 0.2 300 38 20 2 173 11 56
3 6 0.2 300 50 7 3 151 2 87
3 6 0.2 300 31 7 22 92 0 148
3 6 0.2 300 48 9 3 160 7 73
3 6 0.2 300 49 7 4 178 9 53
3 6 0.2 300 46 11 3 149 4 87
3 6 0.4 300 102 15 3 117 0 63
3 6 0.4 300 84 30 6 108 2 70
3 6 0.4 300 93 18 9 101 1 78
3 6 0.4 300 81 34 5 119 3 58
3 6 0.4 300 86 21 13 78 2 100
3 6 0.4 300 66 13 41 37 1 142
3 6 0.4 300 84 29 7 107 6 67
3 6 0.4 300 90 28 2 106 4 70
3 6 0.6 300 137 34 9 71 2 47
3 6 0.6 300 57 21 102 8 3 109
3 6 0.6 300 77 27 76 18 2 100
3 6 0.6 300 134 31 15 45 3 72
3 6 0.6 300 127 29 24 33 3 84
3 6 0.6 300 151 21 8 48 1 71
3 6 0.6 300 49 27 104 20 3 97
3 6 0.6 300 144 24 12 67 0 53
3 6 0.8 300 64 25 151 5 1 54
3 6 0.8 300 120 22 98 6 0 54
3 6 0.8 300 103 26 110 8 2 51
3 6 0.8 300 86 22 132 7 0 53
3 6 0.8 300 98 31 111 4 1 55
3 6 0.8 300 159 30 51 7 0 53
3 6 0.8 300 120 38 82 6 4 50
3 6 0.8 300 98 23 117 6 1 55
3 6 1 300 185 26 89 0 0 0
3 6 1 300 132 43 125 0 0 0
3 6 1 300 184 46 70 0 0 0
3 6 1 300 116 25 159 0 0 0
3 6 1 300 155 33 112 0 0 0
3 6 1 300 160 41 99 0 0 0
3 6 1 300 155 44 101 0 0 0
3 6 1 300 118 51 131 0 0 0
