3 6 0 300 0 0 0 229 8 63
3 6 0 300 0 0 0 222 0 78
3 6 0 300 0 0 0 240 3 57
3 6 0 300 0 0 0 186 7 107
3 6 0 300 0 0 0 242 3 55
3 6 0 300 0 0 0 140 3 157
3 6 0 300 0 0 0 240 8 52
3 6 0 300 0 0 0 157 3 140
3 6 0 300 0 0 0 162 9 129
3 6 0 300 0 0 0 228 8 64
3 6 0.2 300 58 2 0 166 1 73
3 6 0.2 300 46 11 3 176 3 61
3 6 0.2 300 44 11 5 183 3 54
3 6 0.2 300 40 14 6 134 4 102
3 6 0.2 300 54 5 1 184 5 51
3 6 0.2 300 51 7 2 196 3 41
3 6 0.2 300 52 6 2 149 2 89
3 6 0.2 300 45 10 5 153 2 85
3 6 0.2 300 45 12 3 152 2 86
3 6 0.2 300 48 9 3 177 1 62
3 6 0.4 300 86 14 19 53 1 127
3 6 0.4 300 92 4 24 54 0 126
3 6 0.4 300 87 25 8 95 1 84
3 6 0.4 300 105 9 6 121 0 59
3 6 0.4 300 47 2 71 53 0 127
3 6 0.4 300 105 9 6 125 0 55
3 6 0.4 300 70 13 37 62 1 118
3 6 0.4 300 105 3 12 93 0 87
3 6 0.4 300 108 3 9 113 0 67
3 6 0.4 300 88 16 15 81 0 100
3 6 0.6 300 140 15 25 38 0 82
3 6 0.6 300 155 6 19 39 0 81
3 6 0.6 300 43 10 127 24 0 96
3 6 0.6 300 118 15 47 32 2 86
3 6 0.6 300 142 12 26 33 1 86
3 6 0.6 300 159 8 13 49 0 71
3 6 0.6 300 150 18 12 69 1 50
3 6 0.6 300 159 9 12 60 0 60
3 6 0.6 300 160 8 11 74 0 47
3 6 0.6 300 108 16 55 23 0 98
3 6 0.8 300 151 9 80 12 0 48
3 6 0.8 300 185 10 45 13 0 47
3 6 0.8 300 93 22 125 2 0 58
