3 6 0 300 0 0 0 144 52 105
3 6 0 300 0 0 0 207 30 63
3 6 0 300 0 0 0 185 55 60
3 6 0 300 0 0 0 141 24 135
3 6 0 300 0 0 0 189 31 80
3 6 0.1 300 11 19 0 136 53 81
3 6 0.1 300 17 12 1 183 42 45
3 6 0.1 300 17 13 0 157 30 83
3 6 0.1 300 15 13 2 149 36 85
3 6 0.1 300 17 13 0 175 21 74
3 6 0.2 300 25 34 1 155 32 53
3 6 0.2 300 33 25 2 115 32 93
3 6 0.2 300 31 23 6 124 23 93
3 6 0.2 300 27 31 2 114 29 97
3 6 0.2 300 29 29 2 99 29 112
3 6 0.3 300 47 42 1 132 24 54
3 6 0.3 300 48 36 4 67 29 116
3 6 0.3 300 44 43 3 103 29 78
3 6 0.3 300 43 44 3 94 25 91
3 6 0.3 300 32 50 8 73 39 98
3 6 0.4 300 48 66 6 33 38 109
3 6 0.4 300 47 65 8 52 26 102
3 6 0.4 300 77 33 10 70 22 88
3 6 0.4 300 55 57 7 60 26 95
3 6 0.4 300 68 43 9 75 18 87
3 6 0.5 300 44 57 50 16 9 124
3 6 0.5 300 77 62 11 47 18 85
3 6 0.5 300 61 82 7 45 22 83
3 6 0.5 300 75 57 18 53 15 83
3 6 0.5 300 92 51 7 63 10 77
3 6 0.6 300 118 48 14 73 9 38
3 6 0.6 300 118 44 18 26 13 81
3 6 0.6 300 81 91 8 30 26 64
3 6 0.6 300 106 56 18 56 13 51
3 6 0.6 300 78 58 44 8 13 99
3 6 0.7 300 78 78 54 13 14 63
3 6 0.7 300 98 82 30 14 6 70
3 6 0.7 300 103 73 33 8 7 76
3 6 0.7 300 117 53 40 15 5 70
3 6 0.7 300 74 58 78 5 8 77
3 6 0.8 300 119 70 51 10 2 48
3 6 0.8 300 125 55 60 6 4 50
3 6 0.8 300 49 87 104 1 3 56
3 6 0.8 300 109 77 53 11 9 41
3 6 0.8 300 79 75 86 9 2 49
3 6 0.9 300 134 82 54 5 5 20
3 6 0.9 300 92 90 88 6 3 21
3 6 0.9 300 109 70 91 2 6 22
3 6 0.9 300 112 92 65 4 3 24
3 6 0.9 300 159 61 50 5 6 19
3 6 1 300 173 56 71 0 0 0
3 6 1 300 155 71 74 0 0 0
3 6 1 300 191 73 36 0 0 0
3 6 1 300 89 104 107 0 0 0
3 6 1 300 137 85 78 0 0 0
