3 6 0 300 0 0 0 229 10 61
3 6 0 300 0 0 0 225 8 67
3 6 0 300 0 0 0 218 14 70
3 6 0 300 0 0 0 202 7 91
3 6 0 300 0 0 0 213 6 81
3 6 0 300 0 0 0 217 22 61
3 6 0.1 300 18 9 3 169 5 96
3 6 0.1 300 25 5 0 163 4 103
3 6 0.1 300 20 10 0 195 10 65
3 6 0.1 300 18 10 2 147 8 115
3 6 0.1 300 14 13 3 142 8 120
3 6 0.2 300 28 30 2 148 28 64
3 6 0.2 300 33 27 0 187 18 35
3 6 0.2 300 46 14 0 122 3 115
3 6 0.2 300 48 12 0 187 7 46
3 6 0.2 300 36 17 7 146 9 85
3 6 0.3 300 75 14 1 119 3 89
3 6 0.3 300 68 18 4 86 5 119
3 6 0.3 300 70 19 1 143 2 65
3 6 0.3 300 56 28 6 90 8 113
3 6 0.3 300 66 21 3 119 3 88
3 6 0.4 300 83 34 3 125 4 51
3 6 0.4 300 89 29 2 121 5 54
3 6 0.4 300 88 28 4 107 1 72
3 6 0.4 300 76 41 3 102 7 71
3 6 0.4 300 57 14 49 32 1 147
3 6 0.5 300 121 20 9 60 0 90
3 6 0.5 300 65 10 74 10 0 141
3 6 0.5 300 67 69 14 54 7 89
3 6 0.5 300 106 35 9 81 3 66
3 6 0.5 300 117 26 6 72 1 78
3 6 0.6 300 56 21 102 9 0 112
3 6 0.6 300 82 48 51 17 3 100
3 6 0.6 300 124 35 20 43 5 73
3 6 0.6 300 92 27 61 9 1 110
3 6 0.6 300 127 38 15 35 0 85
3 6 0.7 300 133 19 58 13 2 75
3 6 0.7 300 114 32 64 13 1 76
3 6 0.7 300 82 27 101 8 0 82
3 6 0.7 300 98 47 65 11 0 79
3 6 0.7 300 98 53 59 5 0 85
3 6 0.8 300 139 57 44 8 4 48
3 6 0.8 300 134 65 41 20 0 40
3 6 0.8 300 136 23 81 2 2 56
3 6 0.8 300 107 44 87 13 1 48
3 6 0.8 300 72 21 147 7 0 53
3 6 0.9 300 77 33 160 1 0 29
3 6 0.9 300 108 42 120 0 0 30
3 6 0.9 300 72 66 132 2 0 28
3 6 0.9 300 87 56 127 5 0 25
3 6 0.9 300 126 28 116 3 0 27
3 6 1 300 127 30 143 0 0 0
3 6 1 300 168 71 61 0 0 0
3 6 1 300 158 50 92 0 0 0
3 6 1 300 150 21 129 0 0 0
3 6 1 300 55 51 194 0 0 0
