3 6 0 300 0 0 0 142 0 158
3 6 0 300 0 0 0 50 0 250
3 6 0 300 0 0 0 163 2 135
3 6 0 300 0 0 0 73 4 223
3 6 0 300 0 0 0 116 1 183
3 6 0.1 300 4 2 24 21 0 249
3 6 0.1 300 26 4 0 114 0 157
3 6 0.1 300 25 1 2 84 0 188
3 6 0.1 300 18 11 1 72 3 195
3 6 0.1 300 10 2 17 55 0 216
3 6 0.2 300 23 7 29 90 3 148
3 6 0.2 300 42 14 4 77 1 162
3 6 0.2 300 24 3 33 55 0 185
3 6 0.2 300 26 6 28 69 0 171
3 6 0.2 300 2 9 49 6 1 233
3 6 0.3 300 25 12 53 35 4 171
3 6 0.3 300 24 22 44 51 4 156
3 6 0.3 300 64 17 9 74 3 133
3 6 0.3 300 43 2 45 41 0 169
3 6 0.3 300 57 24 9 82 1 127
3 6 0.4 300 5 2 113 4 0 176
3 6 0.4 300 2 4 114 5 1 174
3 6 0.4 300 7 9 103 6 1 174
3 6 0.4 300 81 7 32 31 0 149
3 6 0.4 300 47 7 66 31 1 148
3 6 0.5 300 57 12 81 15 0 135
3 6 0.5 300 10 13 127 2 1 147
3 6 0.5 300 3 3 144 2 0 148
3 6 0.5 300 12 14 122 5 0 147
3 6 0.5 300 61 17 72 9 1 140
3 6 0.6 300 8 6 166 4 0 116
3 6 0.6 300 8 23 149 3 0 117
3 6 0.6 300 5 26 148 2 0 119
3 6 0.6 300 1 2 176 0 0 121
3 6 0.6 300 8 9 163 2 0 118
3 6 0.7 300 22 30 158 2 0 88
3 6 0.7 300 24 26 160 0 1 89
3 6 0.7 300 59 9 141 3 0 88
3 6 0.7 300 22 5 183 3 0 87
3 6 0.7 300 11 5 194 2 0 88
3 6 0.8 300 11 10 219 0 0 60
3 6 0.8 300 3 16 221 1 0 59
3 6 0.8 300 17 8 215 0 0 60
3 6 0.8 300 18 9 212 0 0 61
3 6 0.8 300 4 8 228 0 0 60
3 6 0.9 300 12 21 237 0 0 30
3 6 0.9 300 1 21 247 0 0 31
3 6 0.9 300 15 42 213 0 1 29
3 6 0.9 300 45 35 190 1 0 29
3 6 0.9 300 15 8 247 0 0 30
3 6 1 300 15 19 266 0 0 0
3 6 1 300 13 13 274 0 0 0
3 6 1 300 12 11 277 0 0 0
3 6 1 300 28 12 260 0 0 0
3 6 1 300 8 19 273 0 0 0
